Iteration	CPUTime	PhysTime	Travels	Value	AvValue	MinValue	MaxValue	Delta	Criteria	Progress	dGMaxMin	CriteriaType	CriteriaVarType	CriteriaPercentage
1	0	0.000279645314	0.025	1876774.92	1876774.92	1876774.92	1876774.92	0	0	0	0	1.97372e+06	0	0	3
2	0	0.00054667319	0.05	1924449.83	1900062.19	1876774.92	1924449.83	23287.2748	0	0	0	1.94313e+06	0	0	3
3	0	0.000805695405	0.075	1940806.81	1913161.14	1876774.92	1940806.81	36386.2197	0	0	0	1.96318e+06	0	0	3
4	0	0.00105736604	0.1	1915110.41	1913625.1	1876774.92	1940806.81	36850.1779	0	0	0	1.92579e+06	0	0	3
5	0	0.00132395021	0.125	1911811.53	1913259.93	1876774.92	1940806.81	36850.1779	0	0	0	1.9037e+06	0	0	3
6	0	0.00191705449	0.15	1910596.32	1912435.85	1876774.92	1940806.81	36850.1779	0	0	0	1.89856e+06	0	0	3
7	0	0.00293097299	0.175	1910331.86	1911708.01	1876774.92	1940806.81	36850.1779	0	0	0	1.89839e+06	0	0	3
8	0	0.00384184351	0.2	1909582.27	1911204.01	1876774.92	1940806.81	36850.1779	0	0	0	1.89815e+06	0	0	3
9	0	0.00457049208	0.225	1908266.55	1910735.71	1876774.92	1940806.81	36850.1779	0	0	0	1.89792e+06	0	0	3
10	0	0.00519619828	0.25	1906760.66	1910257.05	1876774.92	1940806.81	36850.1779	0	0	0	1.89768e+06	0	0	3
11	0	0.00602898841	0.275	1905761.95	1909636.14	1876774.92	1940806.81	36850.1779	0	0	0	1.89735e+06	0	0	3
12	1	0.00675594734	0.3	1904306.46	1909062.65	1876774.92	1940806.81	36850.1779	0	0	0	1.90406e+06	0	0	3
13	1	0.00741343304	0.325	1902538.55	1908484.04	1876774.92	1940806.81	36850.1779	0	0	0	1.9404e+06	0	0	3
14	1	0.00802034335	0.35	1900750.26	1907898.81	1876774.92	1940806.81	36850.1779	0	0	0	1.97552e+06	0	0	3
15	1	0.00858840123	0.375	1899026.76	1907311.99	1876774.92	1940806.81	36850.1779	0	0	0	2.01195e+06	0	0	3
16	1	0.00939348485	0.4	1897806.68	1906497.32	1876774.92	1940806.81	36850.1779	0	0	0	2.04031e+06	0	0	3
17	1	0.0101446453	0.425	1895961.66	1905717.21	1876774.92	1940806.81	36850.1779	0	0	0	2.08121e+06	0	0	3
18	1	0.0108547645	0.45	1893686.6	1904930.17	1876774.92	1940806.81	36850.1779	0	0	0	2.12376e+06	0	0	3
19	1	0.0115328118	0.475	1891345.67	1904131.5	1876774.92	1940806.81	36850.1779	0	0	0	2.17291e+06	0	0	3
20	1	0.0121814757	0.5	1889308.09	1903342.15	1876774.92	1940806.81	36850.1779	0	0	0	2.21331e+06	0	0	3
21	1	0.0131204142	0.525	1888447.03	1902831.57	1888447.03	1940806.81	13562.9031	0	0	0	2.25099e+06	0	0	3
22	1	0.0140181567	0.55	1886935.95	1901343.77	1886935.95	1940806.81	12281.3244	0	0	0	2.29608e+06	0	0	3
23	1	0.0148844193	0.575	1884725.96	1899595.23	1884725.96	1915110.41	14029.8629	0	0	0	2.36714e+06	0	0	3
24	1	0.0157253065	0.6	1882549.97	1898351.85	1882549.97	1911811.53	14908.0741	0	0	0	2.44397e+06	0	0	3
25	1	0.0165446196	0.625	1880250.47	1897141.73	1880250.47	1910596.32	15294.1181	0	0	0	2.51385e+06	0	0	3
26	1	0.0177456609	0.65	1879006.78	1895261.54	1879006.78	1910331.86	16446.469	0	0	0	2.57032e+06	0	0	3
27	1	0.0189127862	0.675	1877543.14	1893011.51	1877543.14	1909582.27	18192.5088	0	0	0	2.63585e+06	0	0	3
28	1	0.0200527148	0.7	1875694.81	1890862.72	1875694.81	1908266.55	19872.9868	0	0	0	2.7065e+06	0	0	3
29	1	0.0211711007	0.725	1873814.78	1888950.3	1873814.78	1906760.66	21306.7537	0	0	0	2.75934e+06	0	0	3
30	1	0.0222739199	0.75	1871903.62	1887196.93	1871903.62	1905761.95	22439.2055	0	0	0	2.81895e+06	0	0	3
31	2	0.023706742	0.775	1870723.57	1884987.14	1870723.57	1904306.46	24075.5091	0	0	0	2.86546e+06	0	0	3
32	2	0.0251178678	0.8	1869523.27	1883033.87	1869523.27	1902538.55	25450.1682	0	0	0	2.91352e+06	0	0	3
33	2	0.0265118668	0.825	1868180.52	1881278.25	1868180.52	1900750.26	26620.5631	0	0	0	2.95916e+06	0	0	3
34	2	0.0278904925	0.85	1866820.44	1879680.39	1866820.44	1899026.76	27631.6017	0	0	0	3.00118e+06	0	0	3
35	2	0.0292565061	0.875	1865542.94	1878214.28	1865542.94	1897806.68	28283.0486	0	0	0	3.03901e+06	0	0	3
36	2	0.030610396	0.9	1864391.9	1876588.8	1864391.9	1895961.66	29128.4075	0	0	0	3.07296e+06	0	0	3
37	2	0.0319544324	0.925	1863370.67	1875107	1863370.67	1893686.6	29823.1661	0	0	0	3.10276e+06	0	0	3
38	2	0.0332895031	0.95	1862522.68	1873770.03	1862522.68	1891345.67	28822.9843	0	0	0	3.12934e+06	0	0	3
39	2	0.0346166375	0.975	1861777.12	1872564.28	1861777.12	1889308.09	27530.963	0	0	0	3.15279e+06	0	0	3
40	2	0.0359367749	1	1861135.49	1871471.95	1861135.49	1888447.03	27311.5437	11950.6981	0	43.7	3.17328e+06	0	0	3
41	2	0.0372508069	1.025	1860588.11	1870218.74	1860588.11	1886935.95	26347.8309	12032.8039	0	45.6	3.19107e+06	0	0	3
42	2	0.0385594708	1.05	1860134.75	1869069.48	1860134.75	1884725.96	24591.2115	12066.8063	0	49	3.20626e+06	0	0	3
43	2	0.0398635211	1.075	1859770.41	1868041.06	1859770.41	1882549.97	22779.5611	11950.6981	0	52.4	3.21898e+06	0	0	3
44	2	0.0411636118	1.1	1859485.45	1867617.8	1859485.45	1882549.97	23064.5224	11950.6981	0	51.8	3.22928e+06	0	0	3
45	2	0.0424602919	1.125	1859279.52	1866743.72	1859279.52	1880250.47	20970.9498	11950.6981	0	56.9	3.2378e+06	0	0	3
46	2	0.0437541515	1.15	1859123.07	1865974.64	1859123.07	1879006.78	19883.7081	11950.6981	0	60.1	3.2446e+06	0	0	3
47	2	0.045045659	1.175	1859017.1	1865072.16	1859017.1	1877543.14	18526.047	11950.6981	0	64.5	3.24986e+06	0	0	3
48	2	0.0463352301	1.2	1859127.48	1864261.82	1859017.1	1875694.81	16677.7078	11950.6981	0	71.6	3.25506e+06	0	0	3
49	3	0.0476236746	1.225	1858972.08	1863541.93	1858972.08	1873814.78	14842.7077	11950.6981	0	80.5	3.25953e+06	0	0	3
50	3	0.0489112882	1.25	1858895.25	1862912.08	1858895.25	1871903.62	13008.3735	11950.6981	0	91.8	3.26266e+06	0	0	3
51	3	0.0501983252	1.275	1863414.33	1862580.12	1858895.25	1870723.57	11828.3255	11950.6981	0	100	3.21161e+06	0	0	3
52	3	0.0514862181	1.3	1866599.71	1862346.45	1858895.25	1869523.27	10628.0247	11950.6981	0	100	3.14774e+06	0	0	3
53	3	0.0527784194	1.325	1866016.66	1862151.78	1858895.25	1868180.52	9285.26945	11950.6981	0	100	3.12833e+06	0	0	3
54	3	0.0540781865	1.35	1865608.07	1862009.88	1858895.25	1866820.44	7925.1911	11950.6981	0	100	3.12332e+06	0	0	3
55	3	0.0553835405	1.375	1865234.58	1861921.76	1858895.25	1866599.71	7704.46543	11950.6981	0	100	3.12528e+06	0	0	3
56	3	0.0566926683	1.4	1864837.51	1861880.59	1858895.25	1866599.71	7704.46543	11950.6981	0	100	3.13154e+06	0	0	3
57	3	0.0580040409	1.425	1864402.69	1861877.21	1858895.25	1866599.71	7704.46543	11950.6981	0	100	3.13957e+06	0	0	3
58	3	0.0593156515	1.45	1864266.68	1861918.39	1858895.25	1866599.71	7704.46543	11950.6981	0	100	3.14839e+06	0	0	3
59	3	0.0606276557	1.475	1864275.64	1862002.01	1858895.25	1866599.71	7704.46543	11950.6981	0	100	3.15086e+06	0	0	3
60	3	0.0619395412	1.5	1864280.25	1862122.32	1858895.25	1866599.71	7704.46543	11950.6981	0	100	3.15059e+06	0	0	3
61	3	0.0632505764	1.525	1864786.82	1862297.91	1858895.25	1866599.71	7704.46543	11950.6981	0	100	3.14778e+06	0	0	3
62	3	0.0645645886	1.55	1864995.65	1862509.95	1858895.25	1866599.71	7192.27505	11950.6981	0	100	3.14308e+06	0	0	3
63	4	0.0658806713	1.575	1865151.56	1862750.97	1858895.25	1866599.71	6163.85212	11950.6981	0	100	3.13754e+06	0	0	3
64	4	0.0671990536	1.6	1865204.69	1863011.5	1858895.25	1866599.71	5740.58668	11950.6981	0	100	3.13388e+06	0	0	3
65	4	0.0685187045	1.625	1865263.84	1863287.74	1858895.25	1866599.71	4866.51303	11950.6981	0	100	3.13154e+06	0	0	3
66	4	0.0698401806	1.65	1865212.95	1863570.48	1858895.25	1866599.71	4097.43271	11950.6981	0	100	3.13069e+06	0	0	3
67	4	0.0711621427	1.675	1865149.75	1863856.6	1858895.25	1866599.71	3194.94722	11950.6981	0	100	3.13105e+06	0	0	3
68	4	0.0724850448	1.7	1865097.83	1864144.23	1858895.25	1866599.71	2384.61509	11950.6981	0	100	3.13166e+06	0	0	3
69	4	0.0738079345	1.725	1865044.93	1864423.09	1858895.25	1866599.71	2545.87658	11950.6981	0	100	3.13265e+06	0	0	3
70	4	0.0751312473	1.75	1864989.2	1864705.64	1858895.25	1866599.71	2828.4341	11950.6981	0	100	3.13358e+06	0	0	3
71	4	0.07645419	1.775	1864927.09	1864987.91	1863414.33	1866599.71	3110.70336	11950.6981	0	100	3.13478e+06	0	0	3
72	4	0.0777773979	1.8	1864872.12	1865055.79	1864266.68	1866599.71	2333.03611	11950.6981	0	100	3.13579e+06	0	0	3
73	4	0.0791001057	1.825	1864815.89	1864972.29	1864266.68	1866016.66	1749.98229	11950.6981	0	100	3.137e+06	0	0	3
74	4	0.0804230008	1.85	1864769.73	1864913.78	1864266.68	1865608.07	1341.39801	11950.6981	0	100	3.13804e+06	0	0	3
75	4	0.0817453482	1.875	1864778.18	1864874.68	1864266.68	1865263.84	997.168579	11950.6981	0	100	3.13833e+06	0	0	3
76	5	0.0830679069	1.9	1864723.44	1864850.49	1864266.68	1865263.84	997.168579	11950.6981	0	100	3.13902e+06	0	0	3
77	5	0.0843897883	1.925	1864722.27	1864844.98	1864266.68	1865263.84	997.168579	11950.6981	0	100	3.13952e+06	0	0	3
78	5	0.0857119962	1.95	1864654.97	1864856.85	1864266.68	1865263.84	997.168579	11950.6981	0	100	3.14043e+06	0	0	3
79	5	0.0870336599	1.975	1864513.28	1864868.4	1864275.64	1865263.84	988.203953	11950.6981	0	100	3.14311e+06	0	0	3
80	5	0.0883554462	2	1864641.12	1864885.61	1864280.25	1865263.84	983.591433	11950.6981	0	100	3.14238e+06	0	0	3
81	5	0.0896769994	2.025	1864567.83	1864899.1	1864513.28	1865263.84	750.560373	11950.6981	0	100	3.14274e+06	0	0	3
82	5	0.090998512	2.05	1864466.02	1864883.78	1864466.02	1865263.84	797.82718	11950.6981	0	100	3.14439e+06	0	0	3
83	5	0.092319574	2.075	1864632.86	1864866.54	1864466.02	1865263.84	797.82718	11950.6981	0	100	3.14324e+06	0	0	3
84	5	0.0936410438	2.1	1864568.02	1864838.82	1864466.02	1865263.84	797.82718	11950.6981	0	100	3.14312e+06	0	0	3
85	5	0.0949619462	2.125	1864471.01	1864803.94	1864466.02	1865263.84	797.82718	11950.6981	0	100	3.1445e+06	0	0	3
86	5	0.0962830535	2.15	1864530.84	1864769.09	1864466.02	1865212.95	746.930888	11950.6981	0	100	3.14449e+06	0	0	3
87	5	0.0976039724	2.175	1864509.77	1864735.62	1864466.02	1865149.75	683.738338	11950.6981	0	100	3.14459e+06	0	0	3
88	5	0.0989248899	2.2	1864422.67	1864701.01	1864422.67	1865097.83	675.160155	11950.6981	0	100	3.14597e+06	0	0	3
89	5	0.100245409	2.225	1864466.55	1864670.95	1864422.67	1865044.93	622.260092	11950.6981	0	100	3.14613e+06	0	0	3
90	5	0.101566243	2.25	1864441.43	1864642.21	1864422.67	1864989.2	413.585784	11950.6981	0	100	3.14609e+06	0	0	3
91	5	0.102886472	2.275	1864350.2	1864611.77	1864350.2	1864927.09	444.019701	11950.6981	0	100	3.14764e+06	0	0	3
92	6	0.104206891	2.3	1864314.87	1864582.62	1864314.87	1864872.12	473.176627	11950.6981	0	100	3.1486e+06	0	0	3
93	6	0.105527051	2.325	1864243.08	1864552.66	1864243.08	1864815.89	419.635856	11950.6981	0	100	3.15006e+06	0	0	3
94	6	0.106847164	2.35	1864097.23	1864518.44	1864097.23	1864778.18	395.341605	11950.6981	0	100	3.15266e+06	0	0	3
95	6	0.108166744	2.375	1864120.01	1864487.51	1864097.23	1864778.18	411.590784	11950.6981	0	100	3.15337e+06	0	0	3
96	6	0.10948645	2.4	1864106.73	1864455.54	1864097.23	1864723.44	443.560606	11950.6981	0	100	3.15354e+06	0	0	3
97	6	0.110805391	2.425	1864026.37	1864422.36	1864026.37	1864722.27	476.741985	11950.6981	0	100	3.15518e+06	0	0	3
98	6	0.11212443	2.45	1864079.43	1864391.75	1864026.37	1864654.97	507.345545	11950.6981	0	100	3.15512e+06	0	0	3
99	6	0.113443701	2.475	1864068.45	1864363.82	1864026.37	1864641.12	535.275689	11950.6981	0	100	3.1549e+06	0	0	3
100	6	0.114762196	2.5	1864071.29	1864342.79	1864026.37	1864641.12	556.309691	11950.6981	0	100	3.15501e+06	0	0	3
101	6	0.116080978	2.525	1864061.32	1864315.18	1864026.37	1864632.86	583.92082	11950.6981	0	100	3.15512e+06	0	0	3
102	6	0.117399451	2.55	1864047.6	1864290.41	1864026.37	1864632.86	593.370143	11950.6981	0	100	3.15544e+06	0	0	3
103	6	0.118718212	2.575	1864036.4	1864269.95	1864026.37	1864632.86	596.586805	11950.6981	0	100	3.15563e+06	0	0	3
104	6	0.120036592	2.6	1864017.47	1864240.65	1864017.47	1864568.02	550.542833	11950.6981	0	100	3.15617e+06	0	0	3
105	6	0.121355279	2.625	1864002.19	1864213.69	1864002.19	1864530.84	528.642948	11950.6981	0	100	3.15646e+06	0	0	3
106	6	0.122673569	2.65	1864049.23	1864193.6	1864002.19	1864530.84	528.642948	11950.6981	0	100	3.15622e+06	0	0	3
107	7	0.123992202	2.675	1864022.28	1864169.37	1864002.19	1864509.77	507.571894	11950.6981	0	100	3.15613e+06	0	0	3
108	7	0.125310308	2.7	1864059	1864147.89	1864002.19	1864466.55	464.352626	11950.6981	0	100	3.15591e+06	0	0	3
109	7	0.126628842	2.725	1864019.56	1864128.68	1864002.19	1864466.55	464.352626	11950.6981	0	100	3.15598e+06	0	0	3
110	7	0.127946953	2.75	1864060.99	1864109.35	1864002.19	1864441.43	439.230252	11950.6981	0	100	3.15582e+06	0	0	3
111	7	0.129265513	2.775	1864016.29	1864089.09	1864002.19	1864350.2	348.004553	11950.6981	0	100	3.15602e+06	0	0	3
112	7	0.130583608	2.8	1864058.69	1864075.2	1864002.19	1864314.87	312.679419	11950.6981	0	100	3.15589e+06	0	0	3
113	7	0.131902189	2.825	1864009.45	1864060.64	1864002.19	1864243.08	240.881008	11950.6981	0	100	3.15616e+06	0	0	3
114	7	0.133220275	2.85	1864054.52	1864051.65	1864002.19	1864120.01	117.817135	11950.6981	0	100	3.15604e+06	0	0	3
115	7	0.134538842	2.875	1864007.29	1864047.37	1864002.19	1864120.01	117.817135	11950.6981	0	100	3.15629e+06	0	0	3
116	7	0.135856901	2.9	1864051.96	1864044.12	1864002.19	1864106.73	104.539975	11950.6981	0	100	3.15615e+06	0	0	3
117	7	0.137175423	2.925	1864006.01	1864039.32	1864002.19	1864079.43	77.2397096	11950.6981	0	100	3.15636e+06	0	0	3
118	7	0.138493438	2.95	1864051.75	1864040.53	1864002.19	1864079.43	77.2397096	11950.6981	0	100	3.15619e+06	0	0	3
119	7	0.139811919	2.975	1864006.88	1864037.08	1864002.19	1864071.29	69.0931449	11950.6981	0	100	3.15637e+06	0	0	3
120	7	0.141129901	3	1864053.55	1864036.37	1864002.19	1864071.29	69.0931449	11950.6981	0	100	3.15616e+06	0	0	3
121	7	0.142448363	3.025	1864009.25	1864033.41	1864002.19	1864061.32	59.1231965	11950.6981	0	100	3.15632e+06	0	0	3
122	7	0.143766335	3.05	1864056.25	1864033.17	1864002.19	1864060.99	58.7995099	11950.6981	0	100	3.1561e+06	0	0	3
123	8	0.145084797	3.075	1864012.1	1864031.48	1864002.19	1864060.99	58.7995099	11950.6981	0	100	3.15625e+06	0	0	3
124	12	0.146402776	3.1	1864059.08	1864032.56	1864002.19	1864060.99	58.7995099	11950.6981	0	100	3.15603e+06	0	0	3
125	12	0.14772125	3.125	1864014.89	1864032.43	1864002.19	1864060.99	58.7995099	11950.6981	0	100	3.15618e+06	0	0	3
126	13	0.149039243	3.15	1864061.69	1864035.27	1864006.01	1864061.69	55.6853882	11950.6981	0	100	3.15596e+06	0	0	3
127	13	0.150357733	3.175	1864017.39	1864033.75	1864006.01	1864061.69	55.6853882	11950.6981	0	100	3.15612e+06	0	0	3
128	13	0.151675742	3.2	1864063.95	1864035.74	1864006.01	1864063.95	57.9412956	11950.6981	0	100	3.1559e+06	0	0	3
129	13	0.152994247	3.225	1864019.51	1864033.85	1864006.01	1864063.95	57.9412956	11950.6981	0	100	3.15606e+06	0	0	3
130	13	0.154312271	3.25	1864065.82	1864036.06	1864006.01	1864065.82	59.8114743	11950.6981	0	100	3.15585e+06	0	0	3
131	13	0.15563079	3.275	1864021.25	1864034.17	1864006.01	1864065.82	57.6115376	11950.6981	0	100	3.15601e+06	0	0	3
132	13	0.156948827	3.3	1864067.3	1864036.59	1864006.01	1864067.3	43.7186272	11950.6981	0	100	3.15581e+06	0	0	3
133	13	0.158267357	3.325	1864022.6	1864034.88	1864006.01	1864067.3	29.1614224	11950.6981	0	100	3.15597e+06	0	0	3
134	13	0.159585405	3.35	1864068.42	1864037.68	1864006.01	1864068.42	20.1730751	11950.6981	0	100	3.15577e+06	0	0	3
135	13	0.160903944	3.375	1864023.59	1864036.21	1864006.01	1864068.42	15.8878584	11950.6981	0	100	3.15594e+06	0	0	3
136	13	0.162222	3.4	1864069.18	1864039.16	1864006.01	1864069.18	12.6446937	11950.6981	0	100	3.15575e+06	0	0	3
137	13	0.163540546	3.425	1864024.25	1864037.84	1864006.01	1864069.18	9.05386201	11950.6981	0	100	3.15592e+06	0	0	3
138	13	0.164858608	3.45	1864069.65	1864040.87	1864006.88	1864069.65	9.39155792	11950.6981	0	100	3.15573e+06	0	0	3
139	13	0.16617716	3.475	1864024.61	1864039.58	1864006.88	1864069.65	9.39155792	11950.6981	0	100	3.15591e+06	0	0	3
140	13	0.167495227	3.5	1864069.85	1864042.58	1864009.25	1864069.85	11.0980698	11950.6981	0	100	3.15572e+06	0	0	3
141	14	0.168813783	3.525	1864024.73	1864041.2	1864009.25	1864069.85	11.0980698	11950.6981	0	100	3.1559e+06	0	0	3
142	14	0.170131853	3.55	1864069.82	1864044.09	1864012.1	1864069.85	12.6099445	11950.6981	0	100	3.15572e+06	0	0	3
143	14	0.171450411	3.575	1864024.63	1864042.58	1864012.1	1864069.85	12.6099445	11950.6981	0	100	3.1559e+06	0	0	3
144	14	0.172768483	3.6	1864069.62	1864045.32	1864014.89	1864069.85	12.8870288	11950.6981	0	100	3.15572e+06	0	0	3
145	14	0.174087043	3.625	1864024.38	1864043.67	1864014.89	1864069.85	12.8870288	11950.6981	0	100	3.1559e+06	0	0	3
146	14	0.175405116	3.65	1864069.27	1864046.26	1864017.39	1864069.85	12.5070026	11950.6981	0	100	3.15572e+06	0	0	3
147	14	0.176723676	3.675	1864024	1864044.46	1864017.39	1864069.85	12.5070026	11950.6981	0	100	3.1559e+06	0	0	3
148	14	0.178041748	3.7	1864068.83	1864046.91	1864019.51	1864069.85	13.0582398	11950.6981	0	100	3.15573e+06	0	0	3
149	14	0.179360307	3.725	1864023.55	1864044.99	1864019.51	1864069.85	13.0582398	11950.6981	0	100	3.15591e+06	0	0	3
150	14	0.180678379	3.75	1864068.33	1864047.31	1864021.25	1864069.85	13.148945	11950.6981	0	100	3.15574e+06	0	0	3
151	14	0.181996937	3.775	1864023.05	1864045.28	1864021.25	1864069.85	13.148945	11950.6981	0	100	3.15592e+06	0	0	3
152	14	0.183315008	3.8	1864067.8	1864047.49	1864022.6	1864069.85	12.6186271	11950.6981	0	100	3.15575e+06	0	0	3
153	14	0.184633564	3.825	1864022.53	1864045.36	1864022.53	1864069.85	12.6186271	11950.6981	0	100	3.15593e+06	0	0	3
154	14	0.185951632	3.85	1864067.26	1864047.49	1864022.53	1864069.85	11.2833852	11950.6981	0	100	3.15576e+06	0	0	3
155	15	0.187270187	3.875	1864022.02	1864045.28	1864022.02	1864069.85	11.2833852	11950.6981	0	100	3.15594e+06	0	0	3
156	15	0.188588253	3.9	1864066.74	1864047.33	1864022.02	1864069.85	9.65562674	11950.6981	0	100	3.15577e+06	0	0	3
157	15	0.189906805	3.925	1864021.53	1864045.07	1864021.53	1864069.85	9.65562674	11950.6981	0	100	3.15596e+06	0	0	3
158	15	0.19122487	3.95	1864066.25	1864047.07	1864021.53	1864069.85	7.916949	11950.6981	0	100	3.15578e+06	0	0	3
159	15	0.192543419	3.975	1864021.07	1864044.75	1864021.07	1864069.85	7.916949	11950.6981	0	100	3.15597e+06	0	0	3
160	15	0.193861481	4	1864065.8	1864046.71	1864021.07	1864069.85	6.29097959	11950.6981	0	100	3.15579e+06	0	0	3
161	15	0.195180029	4.025	1864020.66	1864044.37	1864020.66	1864069.82	6.29097959	11950.6981	0	100	3.15598e+06	0	0	3
162	15	0.196498089	4.05	1864065.39	1864046.31	1864020.66	1864069.82	4.91188244	11950.6981	0	100	3.1558e+06	0	0	3
163	15	0.197816634	4.075	1864020.28	1864043.95	1864020.28	1864069.62	4.91188244	11950.6981	0	100	3.15598e+06	0	0	3
164	15	0.199134692	4.1	1864065.02	1864045.87	1864020.28	1864069.62	3.82543938	11950.6981	0	100	3.15581e+06	0	0	3
165	15	0.200453235	4.125	1864019.95	1864044.46	1864019.95	1864069.27	3.54666063	11950.6981	0	100	3.15599e+06	0	0	3
166	15	0.201771291	4.15	1864064.7	1864044.23	1864019.95	1864068.83	3.54666063	11950.6981	0	100	3.15581e+06	0	0	3
167	15	0.203089833	4.175	1864019.66	1864044.02	1864019.66	1864068.83	3.54666063	11950.6981	0	100	3.156e+06	0	0	3
168	15	0.204407887	4.2	1864064.43	1864043.8	1864019.66	1864068.33	3.69724276	11950.6981	0	100	3.15582e+06	0	0	3
169	16	0.205726427	4.225	1864019.42	1864043.59	1864019.42	1864068.33	3.90381774	11950.6981	0	100	3.156e+06	0	0	3
170	16	0.20704448	4.25	1864064.19	1864043.38	1864019.42	1864067.8	4.11049138	11950.6981	0	100	3.15583e+06	0	0	3
171	16	0.208363018	4.275	1864019.21	1864043.19	1864019.21	1864067.8	4.30245977	11950.6981	0	100	3.15601e+06	0	0	3
172	16	0.20968107	4.3	1864064	1864043	1864019.21	1864067.26	4.48752604	11950.6981	0	100	3.15583e+06	0	0	3
173	16	0.210999607	4.325	1864019.04	1864042.83	1864019.04	1864067.26	4.66229882	11950.6981	0	100	3.15601e+06	0	0	3
174	16	0.212317658	4.35	1864063.83	1864042.66	1864019.04	1864066.74	4.67927654	11950.6981	0	100	3.15583e+06	0	0	3
175	16	0.213636194	4.375	1864018.9	1864042.5	1864018.9	1864066.74	4.83557884	11950.6981	0	100	3.15602e+06	0	0	3
176	16	0.214954244	4.4	1864063.69	1864042.35	1864018.9	1864066.25	4.71869334	11950.6981	0	100	3.15584e+06	0	0	3
177	16	0.21627278	4.425	1864018.78	1864042.21	1864018.78	1864066.25	4.85641401	11950.6981	0	100	3.15602e+06	0	0	3
178	16	0.217590828	4.45	1864063.58	1864042.08	1864018.78	1864065.8	4.6376192	11950.6981	0	100	3.15584e+06	0	0	3
179	16	0.218909363	4.475	1864018.68	1864041.96	1864018.68	1864065.8	4.75738064	11950.6981	0	100	3.15602e+06	0	0	3
180	16	0.220227412	4.5	1864063.48	1864041.84	1864018.68	1864065.39	4.46640398	11950.6981	0	100	3.15584e+06	0	0	3
181	16	0.221545946	4.525	1864018.6	1864041.74	1864018.6	1864065.39	4.56935604	11950.6981	0	100	3.15602e+06	0	0	3
182	16	0.222863994	4.55	1864063.4	1864041.64	1864018.6	1864065.02	4.23243508	11950.6981	0	100	3.15584e+06	0	0	3
183	17	0.224182528	4.575	1864018.53	1864041.55	1864018.53	1864065.02	4.32010964	11950.6981	0	100	3.15602e+06	0	0	3
184	17	0.225500576	4.6	1864063.34	1864041.47	1864018.53	1864064.7	2.99590984	11950.6981	0	100	3.15584e+06	0	0	3
185	17	0.226819109	4.625	1864018.47	1864041.39	1864018.47	1864064.7	2.84169484	11950.6981	0	100	3.15603e+06	0	0	3
186	17	0.228137156	4.65	1864063.28	1864041.32	1864018.47	1864064.43	2.69596837	11950.6981	0	100	3.15585e+06	0	0	3
187	17	0.22945569	4.675	1864018.42	1864041.26	1864018.42	1864064.43	2.53839993	11950.6981	0	100	3.15603e+06	0	0	3
188	17	0.230773737	4.7	1864063.22	1864041.2	1864018.42	1864064.19	2.39202326	11950.6981	0	100	3.15585e+06	0	0	3
189	17	0.23209227	4.725	1864018.37	1864041.15	1864018.37	1864064.19	2.23796282	11950.6981	0	100	3.15603e+06	0	0	3
190	17	0.233410317	4.75	1864063.17	1864041.09	1864018.37	1864064	2.0969531	11950.6981	0	100	3.15585e+06	0	0	3
191	17	0.23472885	4.775	1864018.32	1864041.05	1864018.32	1864064	1.95145782	11950.6981	0	100	3.15603e+06	0	0	3
192	17	0.236046897	4.8	1864063.13	1864041.01	1864018.32	1864063.83	1.82012876	11950.6981	0	100	3.15585e+06	0	0	3
193	17	0.23736543	4.825	1864018.28	1864040.97	1864018.28	1864063.83	1.68667296	11950.6981	0	100	3.15603e+06	0	0	3
194	17	0.238683476	4.85	1864063.08	1864040.93	1864018.28	1864063.69	1.56786985	11950.6981	0	100	3.15585e+06	0	0	3
195	17	0.240002009	4.875	1864018.23	1864040.9	1864018.23	1864063.69	1.44858654	11950.6981	0	100	3.15603e+06	0	0	3
196	18	0.241320056	4.9	1864063.03	1864040.87	1864018.23	1864063.58	1.34380948	11950.6981	0	100	3.15585e+06	0	0	3
197	18	0.242638588	4.925	1864018.19	1864040.84	1864018.19	1864063.58	1.23965449	11950.6981	0	100	3.15603e+06	0	0	3
198	18	0.243956635	4.95	1864062.99	1864040.81	1864018.19	1864063.48	1.14947519	11950.6981	0	100	3.15585e+06	0	0	3
199	18	0.245275168	4.975	1864018.15	1864040.78	1864018.15	1864063.48	1.0605709	11950.6981	0	100	3.15603e+06	0	0	3
200	18	0.246593214	5	1864062.94	1864040.75	1864018.15	1864063.4	0.984836284	11950.6981	0	100	3.15585e+06	0	0	3
201	18	0.247911746	5.025	1864018.1	1864040.73	1864018.1	1864063.4	0.910653712	11950.6981	0	100	3.15603e+06	0	0	3
202	18	0.249229793	5.05	1864062.89	1864040.7	1864018.1	1864063.34	0.84863748	11950.6981	0	100	3.15585e+06	0	0	3
203	18	0.250548325	5.075	1864018.05	1864040.68	1864018.05	1864063.34	0.788172872	11950.6981	0	100	3.15603e+06	0	0	3
204	18	0.251866371	5.1	1864062.84	1864040.65	1864018.05	1864063.28	0.738750918	11950.6981	0	100	3.15585e+06	0	0	3
205	18	0.253184903	5.125	1864018	1864040.63	1864018	1864063.28	0.690686545	11950.6981	0	100	3.15603e+06	0	0	3
206	18	0.254502949	5.15	1864062.79	1864040.61	1864018	1864063.22	0.652481791	11950.6981	0	100	3.15585e+06	0	0	3
207	18	0.255821481	5.175	1864017.96	1864040.58	1864017.96	1864063.22	0.61531223	11950.6981	0	100	3.15603e+06	0	0	3
208	18	0.257139527	5.2	1864062.74	1864040.56	1864017.96	1864063.17	0.586810127	11950.6981	0	100	3.15585e+06	0	0	3
209	18	0.258458059	5.225	1864017.91	1864040.54	1864017.91	1864063.17	0.558946189	11950.6981	0	100	3.15603e+06	0	0	3
210	19	0.259776105	5.25	1864062.69	1864040.51	1864017.91	1864063.13	0.538588731	11950.6981	0	100	3.15585e+06	0	0	3
211	19	0.261094637	5.275	1864017.86	1864040.49	1864017.86	1864063.13	0.518441092	11950.6981	0	100	3.15604e+06	0	0	3
212	19	0.262412682	5.3	1864062.64	1864040.46	1864017.86	1864063.08	0.504700748	11950.6981	0	100	3.15586e+06	0	0	3
213	19	0.263731214	5.325	1864017.81	1864040.44	1864017.81	1864063.08	0.490744035	11950.6981	0	100	3.15604e+06	0	0	3
214	19	0.265049259	5.35	1864062.59	1864040.42	1864017.81	1864063.03	0.482179042	11950.6981	0	100	3.15586e+06	0	0	3
215	19	0.26636779	5.375	1864017.76	1864040.39	1864017.76	1864063.03	0.472998329	11950.6981	0	100	3.15604e+06	0	0	3
216	19	0.267685836	5.4	1864062.54	1864040.37	1864017.76	1864062.99	0.468291525	11950.6981	0	100	3.15586e+06	0	0	3
217	19	0.269004367	5.425	1864017.71	1864040.34	1864017.71	1864062.99	0.462613616	11950.6981	0	100	3.15604e+06	0	0	3
218	19	0.270322412	5.45	1864062.5	1864040.32	1864017.71	1864062.94	0.460597221	11950.6981	0	100	3.15586e+06	0	0	3
219	19	0.271640943	5.475	1864017.67	1864040.3	1864017.67	1864062.94	0.457309095	11950.6981	0	100	3.15604e+06	0	0	3
220	19	0.272958988	5.5	1864062.45	1864040.27	1864017.67	1864062.89	0.456977828	11950.6981	0	100	3.15586e+06	0	0	3
221	19	0.274277519	5.525	1864017.62	1864040.25	1864017.62	1864062.89	0.455134569	11950.6981	0	100	3.15604e+06	0	0	3
222	19	0.275595563	5.55	1864062.41	1864040.22	1864017.62	1864062.84	0.45564936	11950.6981	0	100	3.15586e+06	0	0	3
223	20	0.276914094	5.575	1864017.58	1864040.2	1864017.58	1864062.84	0.454473718	11950.6981	0	100	3.15604e+06	0	0	3
224	20	0.278232138	5.6	1864062.36	1864040.18	1864017.58	1864062.79	0.455158073	11950.6981	0	100	3.15586e+06	0	0	3
225	20	0.279550669	5.625	1864017.54	1864040.15	1864017.54	1864062.79	0.454033632	11950.6981	0	100	3.15604e+06	0	0	3
226	20	0.280868713	5.65	1864062.32	1864040.13	1864017.54	1864062.74	0.454364504	11950.6981	0	100	3.15586e+06	0	0	3
227	20	0.282187243	5.675	1864017.5	1864040.11	1864017.5	1864062.74	0.452824212	11950.6981	0	100	3.15604e+06	0	0	3
228	20	0.283505288	5.7	1864062.29	1864040.08	1864017.5	1864062.69	0.452419003	11950.6981	0	100	3.15586e+06	0	0	3
229	20	0.284823818	5.725	1864017.47	1864040.06	1864017.47	1864062.69	0.450130554	11950.6981	0	100	3.15604e+06	0	0	3
230	20	0.286141862	5.75	1864062.25	1864040.04	1864017.47	1864062.64	0.448731635	11950.6981	0	100	3.15586e+06	0	0	3
231	20	0.287460392	5.775	1864017.44	1864040.02	1864017.44	1864062.64	0.44548099	11950.6981	0	100	3.15604e+06	0	0	3
232	20	0.288778435	5.8	1864062.22	1864040	1864017.44	1864062.59	0.442938881	11950.6981	0	100	3.15586e+06	0	0	3
233	20	0.290096965	5.825	1864017.4	1864039.98	1864017.4	1864062.59	0.43861295	11950.6981	0	100	3.15605e+06	0	0	3
234	20	0.291415009	5.85	1864062.19	1864039.96	1864017.4	1864062.54	0.434869093	11950.6981	0	100	3.15587e+06	0	0	3
235	20	0.292733539	5.875	1864017.38	1864039.94	1864017.38	1864062.54	0.429438415	11950.6981	0	100	3.15605e+06	0	0	3
236	20	0.294051582	5.9	1864062.16	1864039.92	1864017.38	1864062.5	0.42450825	11950.6981	0	100	3.15587e+06	0	0	3
237	21	0.295370112	5.925	1864017.35	1864039.9	1864017.35	1864062.5	0.41801028	11950.6981	0	100	3.15605e+06	0	0	3
238	21	0.296688155	5.95	1864062.14	1864039.88	1864017.35	1864062.45	0.411967179	11950.6981	0	100	3.15587e+06	0	0	3
239	21	0.298006685	5.975	1864017.33	1864039.87	1864017.33	1864062.45	0.404490667	11950.6981	0	100	3.15605e+06	0	0	3
240	21	0.299324728	6	1864062.11	1864039.85	1864017.33	1864062.41	0.397451106	11950.6981	0	100	3.15587e+06	0	0	3
241	21	0.300643257	6.025	1864017.3	1864039.83	1864017.3	1864062.41	0.389121869	11950.6981	0	100	3.15605e+06	0	0	3
242	21	0.3019613	6.05	1864062.09	1864039.82	1864017.3	1864062.36	0.3812321	11950.6981	0	100	3.15587e+06	0	0	3
243	21	0.30327983	6.075	1864017.28	1864039.8	1864017.28	1864062.36	0.372200402	11950.6981	0	100	3.15605e+06	0	0	3
244	21	0.304597873	6.1	1864062.07	1864039.79	1864017.28	1864062.32	0.363624769	11950.6981	0	100	3.15587e+06	0	0	3
245	21	0.305916402	6.125	1864017.27	1864039.77	1864017.27	1864062.32	0.354054396	11950.6981	0	100	3.15605e+06	0	0	3
246	21	0.307234445	6.15	1864062.06	1864039.76	1864017.27	1864062.29	0.344965364	11950.6981	0	100	3.15587e+06	0	0	3
247	21	0.308552974	6.175	1864017.25	1864039.75	1864017.25	1864062.29	0.335024426	11950.6981	0	100	3.15605e+06	0	0	3
248	21	0.309871017	6.2	1864062.04	1864039.74	1864017.25	1864062.25	0.325594306	11950.6981	0	100	3.15587e+06	0	0	3
249	21	0.311189546	6.225	1864017.23	1864039.72	1864017.23	1864062.25	0.315447728	11950.6981	0	100	3.15605e+06	0	0	3
250	21	0.312507588	6.25	1864062.02	1864039.71	1864017.23	1864062.22	0.305842041	11950.6981	0	100	3.15587e+06	0	0	3
251	22	0.313826117	6.275	1864017.22	1864039.7	1864017.22	1864062.22	0.29564565	11950.6981	0	100	3.15605e+06	0	0	3
252	22	0.31514416	6.3	1864062.01	1864039.69	1864017.22	1864062.19	0.286018027	11950.6981	0	100	3.15587e+06	0	0	3
253	22	0.316462689	6.325	1864017.21	1864039.68	1864017.21	1864062.19	0.275914121	11950.6981	0	100	3.15605e+06	0	0	3
254	22	0.317780732	6.35	1864062	1864039.67	1864017.21	1864062.16	0.266402597	11950.6981	0	100	3.15587e+06	0	0	3
255	22	0.31909926	6.375	1864017.19	1864039.66	1864017.19	1864062.16	0.256516851	11950.6981	0	100	3.15605e+06	0	0	3
256	22	0.320417303	6.4	1864061.99	1864039.65	1864017.19	1864062.14	0.247241423	11950.6981	0	100	3.15587e+06	0	0	3
257	22	0.321735832	6.425	1864017.18	1864039.65	1864017.18	1864062.14	0.237680971	11950.6981	0	100	3.15605e+06	0	0	3
258	22	0.323053874	6.45	1864061.98	1864039.64	1864017.18	1864062.11	0.22874224	11950.6981	0	100	3.15587e+06	0	0	3
259	22	0.324372403	6.475	1864017.17	1864039.63	1864017.17	1864062.11	0.219594776	11950.6981	0	100	3.15605e+06	0	0	3
260	22	0.325690445	6.5	1864061.97	1864039.62	1864017.17	1864062.09	0.211073522	11950.6981	0	100	3.15587e+06	0	0	3
261	22	0.327008974	6.525	1864017.16	1864039.62	1864017.16	1864062.09	0.202407255	11950.6981	0	100	3.15605e+06	0	0	3
262	22	0.328327017	6.55	1864061.96	1864039.61	1864017.16	1864062.07	0.194364779	11950.6981	0	100	3.15587e+06	0	0	3
263	22	0.329645545	6.575	1864017.16	1864039.6	1864017.16	1864062.07	0.186229078	11950.6981	0	100	3.15605e+06	0	0	3
264	22	0.330963588	6.6	1864061.95	1864039.6	1864017.16	1864062.06	0.178708158	11950.6981	0	100	3.15587e+06	0	0	3
265	23	0.332282116	6.625	1864017.15	1864039.59	1864017.15	1864062.06	0.171134741	11950.6981	0	100	3.15605e+06	0	0	3
266	23	0.333600159	6.65	1864061.94	1864039.58	1864017.15	1864062.04	0.164139658	11950.6981	0	100	3.15587e+06	0	0	3
267	23	0.334918687	6.675	1864017.14	1864039.58	1864017.14	1864062.04	0.157133494	11950.6981	0	100	3.15605e+06	0	0	3
268	23	0.336236729	6.7	1864061.93	1864039.57	1864017.14	1864062.02	0.150686358	11950.6981	0	100	3.15587e+06	0	0	3
269	23	0.337555258	6.725	1864017.13	1864039.57	1864017.13	1864062.02	0.144248261	11950.6981	0	100	3.15605e+06	0	0	3
270	23	0.3388733	6.75	1864061.93	1864039.56	1864017.13	1864062.01	0.138342805	11950.6981	0	100	3.15587e+06	0	0	3
271	23	0.340191829	6.775	1864017.13	1864039.56	1864017.13	1864062.01	0.132460196	11950.6981	0	100	3.15605e+06	0	0	3
272	23	0.341509871	6.8	1864061.92	1864039.55	1864017.13	1864062	0.127082075	11950.6981	0	100	3.15587e+06	0	0	3
273	23	0.342828399	6.825	1864017.12	1864039.55	1864017.12	1864062	0.121735143	11950.6981	0	100	3.15605e+06	0	0	3
274	23	0.344146442	6.85	1864061.91	1864039.55	1864017.12	1864061.99	0.116862059	11950.6981	0	100	3.15587e+06	0	0	3
275	23	0.34546497	6.875	1864017.11	1864039.54	1864017.11	1864061.99	0.112023122	11950.6981	0	100	3.15605e+06	0	0	3
276	23	0.346783012	6.9	1864061.91	1864039.54	1864017.11	1864061.98	0.107625477	11950.6981	0	100	3.15587e+06	0	0	3
277	23	0.348101541	6.925	1864017.11	1864039.53	1864017.11	1864061.98	0.103260713	11950.6981	0	100	3.15605e+06	0	0	3
278	24	0.349419583	6.95	1864061.9	1864039.53	1864017.11	1864061.97	0.0993037159	11950.6981	0	100	3.15587e+06	0	0	3
279	24	0.350738111	6.975	1864017.1	1864039.53	1864017.1	1864061.97	0.0953752217	11950.6981	0	100	3.15605e+06	0	0	3
280	24	0.352056153	7	1864061.9	1864039.52	1864017.1	1864061.96	0.0918207471	11950.6981	0	100	3.15587e+06	0	0	3
281	24	0.353374682	7.025	1864017.1	1864039.52	1864017.1	1864061.96	0.0882882038	11950.6981	0	100	3.15605e+06	0	0	3
282	24	0.354692724	7.05	1864061.89	1864039.52	1864017.1	1864061.95	0.0850963483	11950.6981	0	100	3.15587e+06	0	0	3
283	24	0.356011252	7.075	1864017.09	1864039.51	1864017.09	1864061.95	0.0819184752	11950.6981	0	100	3.15605e+06	0	0	3
284	24	0.357329294	7.1	1864061.89	1864039.51	1864017.09	1864061.94	0.0790489358	11950.6981	0	100	3.15587e+06	0	0	3
285	24	0.358647823	7.125	1864017.09	1864039.51	1864017.09	1864061.94	0.0762061574	11950.6981	0	100	3.15605e+06	0	0	3
286	24	0.359965865	7.15	1864061.88	1864039.51	1864017.09	1864061.93	0.0736514982	11950.6981	0	100	3.15587e+06	0	0	3
287	24	0.361284393	7.175	1864017.08	1864039.5	1864017.08	1864061.93	0.0711031351	11950.6981	0	100	3.15605e+06	0	0	3
288	24	0.362602435	7.2	1864061.88	1864039.5	1864017.08	1864061.93	0.0688144611	11950.6981	0	100	3.15587e+06	0	0	3
289	24	0.363920963	7.225	1864017.08	1864039.5	1864017.08	1864061.93	0.0665270307	11950.6981	0	100	3.15605e+06	0	0	3
290	24	0.365239006	7.25	1864061.87	1864039.49	1864017.08	1864061.92	0.0644741901	11950.6981	0	100	3.15587e+06	0	0	3
291	25	0.366557534	7.275	1864017.08	1864039.49	1864017.08	1864061.92	0.0624151016	11950.6981	0	100	3.15605e+06	0	0	3
292	25	0.367875576	7.3	1864061.87	1864039.49	1864017.08	1864061.91	0.0605649496	11950.6981	0	100	3.15587e+06	0	0	3
293	25	0.369194104	7.325	1864017.07	1864039.49	1864017.07	1864061.91	0.0587008747	11950.6981	0	100	3.15605e+06	0	0	3
294	25	0.370512146	7.35	1864061.87	1864039.48	1864017.07	1864061.91	0.057022346	11950.6981	0	100	3.15587e+06	0	0	3
295	25	0.371830674	7.375	1864017.07	1864039.48	1864017.07	1864061.91	0.055323611	11950.6981	0	100	3.15605e+06	0	0	3
296	25	0.373148716	7.4	1864061.86	1864039.48	1864017.07	1864061.9	0.0537895914	11950.6981	0	100	3.15587e+06	0	0	3
297	25	0.374467245	7.425	1864017.07	1864039.48	1864017.07	1864061.9	0.0522304068	11950.6981	0	100	3.15605e+06	0	0	3
298	25	0.375785287	7.45	1864061.86	1864039.48	1864017.07	1864061.9	0.0508174319	11950.6981	0	100	3.15587e+06	0	0	3
299	25	0.377103815	7.475	1864017.06	1864039.47	1864017.06	1864061.9	0.0493756188	11950.6981	0	100	3.15605e+06	0	0	3
300	25	0.378421857	7.5	1864061.86	1864039.47	1864017.06	1864061.89	0.0480637704	11950.6981	0	100	3.15587e+06	0	0	3
301	25	0.379740385	7.525	1864017.06	1864039.47	1864017.06	1864061.89	0.0467207097	11950.6981	0	100	3.15605e+06	0	0	3
302	25	0.381058427	7.55	1864061.85	1864039.47	1864017.06	1864061.89	0.045493538	11950.6981	0	100	3.15587e+06	0	0	3
303	26	0.382376955	7.575	1864017.06	1864039.47	1864017.06	1864061.89	0.0442340197	11950.6981	0	100	3.15605e+06	0	0	3
304	26	0.383694997	7.6	1864061.85	1864039.46	1864017.06	1864061.88	0.043078325	11950.6981	0	100	3.15587e+06	0	0	3
305	26	0.385013525	7.625	1864017.06	1864039.46	1864017.06	1864061.88	0.0418688769	11950.6981	0	100	3.15605e+06	0	0	3
306	26	0.386331567	7.65	1864061.85	1864039.46	1864017.06	1864061.88	0.0407637106	11950.6981	0	100	3.15587e+06	0	0	3
307	26	0.387650095	7.675	1864017.05	1864039.46	1864017.05	1864061.88	0.039606825	11950.6981	0	100	3.15605e+06	0	0	3
308	26	0.388968137	7.7	1864061.85	1864039.46	1864017.05	1864061.87	0.0385438676	11950.6981	0	100	3.15587e+06	0	0	3
309	26	0.390286665	7.725	1864017.05	1864039.46	1864017.05	1864061.87	0.0374294561	11950.6981	0	100	3.15605e+06	0	0	3
310	26	0.391604707	7.75	1864061.84	1864039.46	1864017.05	1864061.87	0.0364013838	11950.6981	0	100	3.15587e+06	0	0	3
311	26	0.392923235	7.775	1864017.05	1864039.45	1864017.05	1864061.87	0.0353246205	11950.6981	0	100	3.15605e+06	0	0	3
312	26	0.394241277	7.8	1864061.84	1864039.45	1864017.05	1864061.87	0.0343287927	11950.6981	0	100	3.15587e+06	0	0	3
313	26	0.395559805	7.825	1864017.05	1864039.45	1864017.05	1864061.87	0.0332877547	11950.6981	0	100	3.15605e+06	0	0	3
314	26	0.396877847	7.85	1864061.84	1864039.45	1864017.05	1864061.86	0.0323231402	11950.6981	0	100	3.15587e+06	0	0	3
315	27	0.398196375	7.875	1864017.05	1864039.45	1864017.05	1864061.86	0.0313170452	11950.6981	0	100	3.15605e+06	0	0	3
316	27	0.399514417	7.9	1864061.84	1864039.45	1864017.05	1864061.86	0.0303836011	11950.6981	0	100	3.15587e+06	0	0	3
317	27	0.400832945	7.925	1864017.04	1864039.45	1864017.04	1864061.86	0.0294126328	11950.6981	0	100	3.15605e+06	0	0	3
318	27	0.402150987	7.95	1864061.84	1864039.45	1864017.04	1864061.86	0.0285111805	11950.6981	0	100	3.15587e+06	0	0	3
319	27	0.403469515	7.975	1864017.04	1864039.44	1864017.04	1864061.86	0.0275762454	11950.6981	0	100	3.15605e+06	0	0	3
320	27	0.404787557	8	1864061.84	1864039.44	1864017.04	1864061.85	0.0267081584	11950.6981	0	100	3.15587e+06	0	0	3
321	27	0.406106085	8.025	1864017.04	1864039.44	1864017.04	1864061.85	0.0258105649	11950.6981	0	100	3.15605e+06	0	0	3
322	27	0.407424127	8.05	1864061.84	1864039.44	1864017.04	1864061.85	0.0249774714	11950.6981	0	100	3.15587e+06	0	0	3
323	27	0.408742655	8.075	1864017.04	1864039.44	1864017.04	1864061.85	0.0241186805	11950.6981	0	100	3.15605e+06	0	0	3
324	27	0.410060697	8.1	1864061.83	1864039.44	1864017.04	1864061.85	0.0233222465	11950.6981	0	100	3.15587e+06	0	0	3
325	27	0.411379225	8.125	1864017.04	1864039.44	1864017.04	1864061.85	0.0225036815	11950.6981	0	100	3.15605e+06	0	0	3
326	27	0.412697267	8.15	1864061.83	1864039.44	1864017.04	1864061.85	0.0217454426	11950.6981	0	100	3.15587e+06	0	0	3
327	28	0.414015795	8.175	1864017.04	1864039.44	1864017.04	1864061.85	0.0209683403	11950.6981	0	100	3.15605e+06	0	0	3
328	28	0.415333837	8.2	1864061.83	1864039.44	1864017.04	1864061.84	0.0202495723	11950.6981	0	100	3.15587e+06	0	0	3
329	28	0.416652365	8.225	1864017.04	1864039.44	1864017.04	1864061.84	0.0195148722	11950.6981	0	100	3.15605e+06	0	0	3
330	28	0.417970407	8.25	1864061.83	1864039.44	1864017.04	1864061.84	0.0188365006	11950.6981	0	100	3.15587e+06	0	0	3
331	28	0.419288935	8.275	1864017.04	1864039.43	1864017.04	1864061.84	0.0181447677	11950.6981	0	100	3.15605e+06	0	0	3
332	28	0.420606977	8.3	1864061.83	1864039.43	1864017.04	1864061.84	0.0175073061	11950.6981	0	100	3.15587e+06	0	0	3
333	28	0.421925505	8.325	1864017.04	1864039.43	1864017.04	1864061.84	0.0168586872	11950.6981	0	100	3.15605e+06	0	0	3
334	28	0.423243547	8.35	1864061.83	1864039.43	1864017.04	1864061.84	0.0162622079	11950.6981	0	100	3.15587e+06	0	0	3
335	28	0.424562075	8.375	1864017.03	1864039.43	1864017.03	1864061.84	0.0156564126	11950.6981	0	100	3.15605e+06	0	0	3
336	28	0.425880117	8.4	1864061.83	1864039.43	1864017.03	1864061.84	0.0151005429	11950.6981	0	100	3.15587e+06	0	0	3
337	28	0.427198645	8.425	1864017.03	1864039.43	1864017.03	1864061.84	0.0145368536	11950.6981	0	100	3.15605e+06	0	0	3
338	28	0.428516687	8.45	1864061.83	1864039.43	1864017.03	1864061.84	0.0140207948	11950.6981	0	100	3.15587e+06	0	0	3
339	29	0.429835215	8.475	1864017.03	1864039.43	1864017.03	1864061.84	0.0134980918	11950.6981	0	100	3.15605e+06	0	0	3
340	29	0.431153257	8.5	1864061.83	1864039.43	1864017.03	1864061.84	0.0130206537	11950.6981	0	100	3.15587e+06	0	0	3
341	29	0.432471785	8.525	1864017.03	1864039.43	1864017.03	1864061.84	0.0125374564	11950.6981	0	100	3.15605e+06	0	0	3
342	29	0.433789826	8.55	1864061.83	1864039.43	1864017.03	1864061.83	0.012097107	11950.6981	0	100	3.15587e+06	0	0	3
343	29	0.435108354	8.575	1864017.03	1864039.43	1864017.03	1864061.83	0.011651628	11950.6981	0	100	3.15605e+06	0	0	3
344	29	0.436426396	8.6	1864061.83	1864039.43	1864017.03	1864061.83	0.0112465487	11950.6981	0	100	3.15587e+06	0	0	3
345	29	0.437744924	8.625	1864017.03	1864039.43	1864017.03	1864061.83	0.0108367526	11950.6981	0	100	3.15605e+06	0	0	3
346	29	0.439062966	8.65	1864061.82	1864039.43	1864017.03	1864061.83	0.0104649013	11950.6981	0	100	3.15587e+06	0	0	3
347	29	0.440381494	8.675	1864017.03	1864039.43	1864017.03	1864061.83	0.0100885669	11950.6981	0	100	3.15605e+06	0	0	3
348	29	0.441699536	8.7	1864061.82	1864039.43	1864017.03	1864061.83	0.00974773872	11950.6981	0	100	3.15587e+06	0	0	3
349	29	0.443018064	8.725	1864017.03	1864039.43	1864017.03	1864061.83	0.00940252002	11950.6981	0	100	3.15605e+06	0	0	3
350	29	0.444336106	8.75	1864061.82	1864039.43	1864017.03	1864061.83	0.00909041101	11950.6981	0	100	3.15587e+06	0	0	3
351	30	0.445654634	8.775	1864017.03	1864039.43	1864017.03	1864061.83	0.00877389568	11950.6981	0	100	3.15605e+06	0	0	3
352	30	0.446972676	8.8	1864061.82	1864039.42	1864017.03	1864061.83	0.00848815823	11950.6981	0	100	3.15587e+06	0	0	3
353	30	0.448291204	8.825	1864017.03	1864039.42	1864017.03	1864061.83	0.00819792366	11950.6981	0	100	3.15605e+06	0	0	3
354	30	0.449609246	8.85	1864061.82	1864039.42	1864017.03	1864061.83	0.00793622038	11950.6981	0	100	3.15587e+06	0	0	3
355	30	0.450927774	8.875	1864017.03	1864039.42	1864017.03	1864061.83	0.00766988378	11950.6981	0	100	3.15605e+06	0	0	3
356	30	0.452245815	8.9	1864061.82	1864039.42	1864017.03	1864061.83	0.00742992992	11950.6981	0	100	3.15587e+06	0	0	3
357	30	0.453564343	8.925	1864017.03	1864039.42	1864017.03	1864061.83	0.00718518742	11950.6981	0	100	3.15605e+06	0	0	3
358	30	0.454882385	8.95	1864061.82	1864039.42	1864017.03	1864061.83	0.00696479366	11950.6981	0	100	3.15587e+06	0	0	3
359	30	0.456200913	8.975	1864017.03	1864039.42	1864017.03	1864061.83	0.00673945574	11950.6981	0	100	3.15605e+06	0	0	3
360	30	0.457518955	9	1864061.82	1864039.42	1864017.03	1864061.83	0.0065365585	11950.6981	0	100	3.15587e+06	0	0	3
361	30	0.458837483	9.025	1864017.03	1864039.42	1864017.03	1864061.83	0.00632857624	11950.6981	0	100	3.15605e+06	0	0	3
362	30	0.460155525	9.05	1864061.82	1864039.42	1864017.03	1864061.83	0.00614125817	11950.6981	0	100	3.15587e+06	0	0	3
363	31	0.461474053	9.075	1864017.03	1864039.42	1864017.03	1864061.83	0.00594874355	11950.6981	0	100	3.15605e+06	0	0	3
364	31	0.462792095	9.1	1864061.82	1864039.42	1864017.03	1864061.82	0.00577525143	11950.6981	0	100	3.15587e+06	0	0	3
365	31	0.464110623	9.125	1864017.03	1864039.42	1864017.03	1864061.82	0.00559648965	11950.6981	0	100	3.15605e+06	0	0	3
366	31	0.465428665	9.15	1864061.82	1864039.42	1864017.03	1864061.82	0.00543524395	11950.6981	0	100	3.15587e+06	0	0	3
367	31	0.466747193	9.175	1864017.03	1864039.42	1864017.03	1864061.82	0.00526869879	11950.6981	0	100	3.15605e+06	0	0	3
368	31	0.468065234	9.2	1864061.82	1864039.42	1864017.03	1864061.82	0.00511829648	11950.6981	0	100	3.15587e+06	0	0	3
369	31	0.469383762	9.225	1864017.03	1864039.42	1864017.03	1864061.82	0.00496261124	11950.6981	0	100	3.15605e+06	0	0	3
370	31	0.470701804	9.25	1864061.82	1864039.42	1864017.03	1864061.82	0.00482182368	11950.6981	0	100	3.15587e+06	0	0	3
371	31	0.472020332	9.275	1864017.03	1864039.42	1864017.03	1864061.82	0.00467581535	11950.6981	0	100	3.15605e+06	0	0	3
372	31	0.473338374	9.3	1864061.82	1864039.42	1864017.03	1864061.82	0.00454358314	11950.6981	0	100	3.15587e+06	0	0	3
373	31	0.474656902	9.325	1864017.03	1864039.42	1864017.03	1864061.82	0.00440623495	11950.6981	0	100	3.15605e+06	0	0	3
374	32	0.475974944	9.35	1864061.82	1864039.42	1864017.03	1864061.82	0.00428165589	11950.6981	0	100	3.15587e+06	0	0	3
375	32	0.477293472	9.375	1864017.03	1864039.42	1864017.03	1864061.82	0.00415210635	11950.6981	0	100	3.15605e+06	0	0	3
376	32	0.478611514	9.4	1864061.82	1864039.42	1864017.03	1864061.82	0.00403442304	11950.6981	0	100	3.15587e+06	0	0	3
377	32	0.479930042	9.425	1864017.02	1864039.42	1864017.02	1864061.82	0.00391195039	11950.6981	0	100	3.15605e+06	0	0	3
378	32	0.481248083	9.45	1864061.82	1864039.42	1864017.02	1864061.82	0.00380053744	11950.6981	0	100	3.15587e+06	0	0	3
379	32	0.482566611	9.475	1864017.02	1864039.42	1864017.02	1864061.82	0.0036845454	11950.6981	0	100	3.15605e+06	0	0	3
380	32	0.483884653	9.5	1864061.82	1864039.42	1864017.02	1864061.82	0.00357889198	11950.6981	0	100	3.15587e+06	0	0	3
381	32	0.485203181	9.525	1864017.02	1864039.42	1864017.02	1864061.82	0.00346889277	11950.6981	0	100	3.15605e+06	0	0	3
382	32	0.486521223	9.55	1864061.82	1864039.42	1864017.02	1864061.82	0.00336858863	11950.6981	0	100	3.15587e+06	0	0	3
383	32	0.487839751	9.575	1864017.02	1864039.42	1864017.02	1864061.82	0.0032641869	11950.6981	0	100	3.15605e+06	0	0	3
384	32	0.489157793	9.6	1864061.82	1864039.42	1864017.02	1864061.82	0.00316890213	11950.6981	0	100	3.15587e+06	0	0	3
385	32	0.490476321	9.625	1864017.02	1864039.42	1864017.02	1864061.82	0.00306977984	11950.6981	0	100	3.15605e+06	0	0	3
386	33	0.491794363	9.65	1864061.82	1864039.42	1864017.02	1864061.82	0.00297925412	11950.6981	0	100	3.15587e+06	0	0	3
387	33	0.493112891	9.675	1864017.02	1864039.42	1864017.02	1864061.82	0.00288515352	11950.6981	0	100	3.15605e+06	0	0	3
388	33	0.494430932	9.7	1864061.82	1864039.42	1864017.02	1864061.82	0.00279917847	11950.6981	0	100	3.15587e+06	0	0	3
389	33	0.49574946	9.725	1864017.02	1864039.42	1864017.02	1864061.82	0.00270989235	11950.6981	0	100	3.15605e+06	0	0	3
390	33	0.497067502	9.75	1864061.82	1864039.42	1864017.02	1864061.82	0.00262829941	11950.6981	0	100	3.15587e+06	0	0	3
391	33	0.49838603	9.775	1864017.02	1864039.42	1864017.02	1864061.82	0.00254365336	11950.6981	0	100	3.15605e+06	0	0	3
392	33	0.499704072	9.8	1864061.82	1864039.42	1864017.02	1864061.82	0.00246630376	11950.6981	0	100	3.15587e+06	0	0	3
393	33	0.5010226	9.825	1864017.02	1864039.42	1864017.02	1864061.82	0.00238614972	11950.6981	0	100	3.15605e+06	0	0	3
394	33	0.502340642	9.85	1864061.82	1864039.42	1864017.02	1864061.82	0.00231292308	11950.6981	0	100	3.15587e+06	0	0	3
395	33	0.50365917	9.875	1864017.02	1864039.42	1864017.02	1864061.82	0.00223712716	11950.6981	0	100	3.15605e+06	0	0	3
396	33	0.504977212	9.9	1864061.82	1864039.42	1864017.02	1864061.82	0.00216791313	11950.6981	0	100	3.15587e+06	0	0	3
397	33	0.50629574	9.925	1864017.02	1864039.42	1864017.02	1864061.82	0.00209634984	11950.6981	0	100	3.15605e+06	0	0	3
398	34	0.507613781	9.95	1864061.82	1864039.42	1864017.02	1864061.82	0.00203104038	11950.6981	0	100	3.15587e+06	0	0	3
399	34	0.508932309	9.975	1864017.02	1864039.42	1864017.02	1864061.82	0.00196358678	11950.6981	0	100	3.15605e+06	0	0	3
400	34	0.510250351	10	1864061.82	1864039.42	1864017.02	1864061.82	0.00190207455	11950.6981	0	100	3.15587e+06	0	0	3
401	34	0.511568879	10.025	1864017.02	1864039.42	1864017.02	1864061.82	0.00183860236	11950.6981	0	100	3.15605e+06	0	0	3
402	34	0.512886921	10.05	1864061.82	1864039.42	1864017.02	1864061.82	0.00178077305	11950.6981	0	100	3.15587e+06	0	0	3
403	34	0.514205449	10.075	1864017.02	1864039.42	1864017.02	1864061.82	0.00172115234	11950.6981	0	100	3.15605e+06	0	0	3
404	34	0.515523491	10.1	1864061.82	1864039.42	1864017.02	1864061.82	0.00166688487	11950.6981	0	100	3.15587e+06	0	0	3
405	34	0.516842019	10.125	1864017.02	1864039.42	1864017.02	1864061.82	0.00161097548	11950.6981	0	100	3.15605e+06	0	0	3
406	34	0.518160061	10.15	1864061.82	1864039.42	1864017.02	1864061.82	0.0015601411	11950.6981	0	100	3.15587e+06	0	0	3
407	34	0.519478588	10.175	1864017.02	1864039.42	1864017.02	1864061.82	0.00150779588	11950.6981	0	100	3.15605e+06	0	0	3
408	34	0.52079663	10.2	1864061.82	1864039.42	1864017.02	1864061.82	0.00146025489	11950.6981	0	100	3.15587e+06	0	0	3
409	35	0.522115158	10.225	1864017.02	1864039.42	1864017.02	1864061.82	0.00141132018	11950.6981	0	100	3.15605e+06	0	0	3
410	35	0.5234332	10.25	1864061.82	1864039.42	1864017.02	1864061.82	0.00136692543	11950.6981	0	100	3.15587e+06	0	0	3
411	35	0.524751728	10.275	1864017.02	1864039.42	1864017.02	1864061.82	0.00132123823	11950.6981	0	100	3.15605e+06	0	0	3
412	35	0.52606977	10.3	1864061.82	1864039.42	1864017.02	1864061.82	0.00127983489	11950.6981	0	100	3.15587e+06	0	0	3
413	35	0.527388298	10.325	1864017.02	1864039.42	1864017.02	1864061.82	0.00123722642	11950.6981	0	100	3.15605e+06	0	0	3
414	35	0.52870634	10.35	1864061.82	1864039.42	1864017.02	1864061.82	0.00119865546	11950.6981	0	100	3.15587e+06	0	0	3
415	35	0.530024868	10.375	1864017.02	1864039.42	1864017.02	1864061.82	0.00115895341	11950.6981	0	100	3.15605e+06	0	0	3
416	35	0.531342909	10.4	1864061.82	1864039.42	1864017.02	1864061.82	0.00112305023	11950.6981	0	100	3.15587e+06	0	0	3
417	35	0.532661437	10.425	1864017.02	1864039.42	1864017.02	1864061.82	0.00108607952	11950.6981	0	100	3.15605e+06	0	0	3
418	35	0.533979479	10.45	1864061.82	1864039.42	1864017.02	1864061.82	0.00105267856	11950.6981	0	100	3.15587e+06	0	0	3
419	35	0.535298007	10.475	1864017.02	1864039.42	1864017.02	1864061.82	0.0010182648	11950.6981	0	100	3.15605e+06	0	0	3
420	36	0.536616049	10.5	1864061.82	1864039.42	1864017.02	1864061.82	0.000987200066	11950.6981	0	100	3.15587e+06	0	0	3
421	36	0.537934577	10.525	1864017.02	1864039.42	1864017.02	1864061.82	0.000955170952	11950.6981	0	100	3.15605e+06	0	0	3
422	36	0.539252619	10.55	1864061.82	1864039.42	1864017.02	1864061.82	0.000926279463	11950.6981	0	100	3.15587e+06	0	0	3
423	36	0.540571147	10.575	1864017.02	1864039.42	1864017.02	1864061.82	0.000896464335	11950.6981	0	100	3.15605e+06	0	0	3
424	36	0.541889189	10.6	1864061.82	1864039.42	1864017.02	1864061.82	0.000869585667	11950.6981	0	100	3.15587e+06	0	0	3
425	36	0.543207716	10.625	1864017.02	1864039.42	1864017.02	1864061.82	0.00084182038	11950.6981	0	100	3.15605e+06	0	0	3
426	36	0.544525758	10.65	1864061.82	1864039.42	1864017.02	1864061.82	0.000816801097	11950.6981	0	100	3.15587e+06	0	0	3
427	36	0.545844286	10.675	1864017.02	1864039.42	1864017.02	1864061.82	0.000790928723	11950.6981	0	100	3.15605e+06	0	0	3
428	36	0.547162328	10.7	1864061.82	1864039.42	1864017.02	1864061.82	0.000767621212	11950.6981	0	100	3.15587e+06	0	0	3
429	36	0.548480856	10.725	1864017.02	1864039.42	1864017.02	1864061.82	0.000743492274	11950.6981	0	100	3.15605e+06	0	0	3
430	36	0.549798898	10.75	1864061.82	1864039.42	1864017.02	1864061.82	0.000721757999	11950.6981	0	100	3.15587e+06	0	0	3
431	36	0.551117426	10.775	1864017.02	1864039.42	1864017.02	1864061.82	0.000699231634	11950.6981	0	100	3.15605e+06	0	0	3
432	37	0.552435468	10.8	1864061.82	1864039.42	1864017.02	1864061.82	0.000678941142	11950.6981	0	100	3.15587e+06	0	0	3
433	37	0.553753996	10.825	1864017.02	1864039.42	1864017.02	1864061.82	0.000657885801	11950.6981	0	100	3.15605e+06	0	0	3
434	37	0.555072037	10.85	1864061.82	1864039.42	1864017.02	1864061.82	0.000638917321	11950.6981	0	100	3.15587e+06	0	0	3
435	37	0.556390565	10.875	1864017.02	1864039.42	1864017.02	1864061.82	0.000619212165	11950.6981	0	100	3.15605e+06	0	0	3
436	37	0.557708607	10.9	1864061.82	1864039.42	1864017.02	1864061.82	0.000601456501	11950.6981	0	100	3.15587e+06	0	0	3
437	37	0.559027135	10.925	1864017.02	1864039.42	1864017.02	1864061.82	0.000582990935	11950.6981	0	100	3.15605e+06	0	0	3
438	37	0.560345177	10.95	1864061.82	1864039.42	1864017.02	1864061.82	0.000566344475	11950.6981	0	100	3.15587e+06	0	0	3
439	37	0.561663705	10.975	1864017.02	1864039.42	1864017.02	1864061.82	0.00054901815	11950.6981	0	100	3.15605e+06	0	0	3
440	37	0.562981747	11	1864061.82	1864039.42	1864017.02	1864061.82	0.00053339079	11950.6981	0	100	3.15587e+06	0	0	3
441	37	0.564300275	11.025	1864017.02	1864039.42	1864017.02	1864061.82	0.000517111272	11950.6981	0	100	3.15605e+06	0	0	3
442	37	0.565618317	11.05	1864061.82	1864039.42	1864017.02	1864061.82	0.000502421521	11950.6981	0	100	3.15587e+06	0	0	3
443	38	0.566936844	11.075	1864017.02	1864039.42	1864017.02	1864061.82	0.000487107784	11950.6981	0	100	3.15605e+06	0	0	3
444	38	0.568254886	11.1	1864061.82	1864039.42	1864017.02	1864061.82	0.000473281601	11950.6981	0	100	3.15587e+06	0	0	3
445	38	0.569573414	11.125	1864017.02	1864039.42	1864017.02	1864061.82	0.000458860304	11950.6981	0	100	3.15605e+06	0	0	3
446	38	0.570891456	11.15	1864061.82	1864039.42	1864017.02	1864061.82	0.000445832731	11950.6981	0	100	3.15587e+06	0	0	3
447	38	0.572209984	11.175	1864017.02	1864039.42	1864017.02	1864061.82	0.000432238681	11950.6981	0	100	3.15605e+06	0	0	3
448	38	0.573528026	11.2	1864061.82	1864039.41	1864017.02	1864061.82	0.00041995151	11950.6981	0	100	3.15587e+06	0	0	3
449	38	0.574846554	11.225	1864017.02	1864039.41	1864017.02	1864061.82	0.000407127431	11950.6981	0	100	3.15605e+06	0	0	3
450	38	0.576164596	11.25	1864061.82	1864039.41	1864017.02	1864061.82	0.000395530136	11950.6981	0	100	3.15587e+06	0	0	3
451	38	0.577483124	11.275	1864017.02	1864039.41	1864017.02	1864061.82	0.00038342434	11950.6981	0	100	3.15605e+06	0	0	3
452	38	0.578801165	11.3	1864061.82	1864039.41	1864017.02	1864061.82	0.000372471754	11950.6981	0	100	3.15587e+06	0	0	3
453	38	0.580119693	11.325	1864017.02	1864039.41	1864017.02	1864061.82	0.000361039536	11950.6981	0	100	3.15605e+06	0	0	3
454	39	0.581437735	11.35	1864061.82	1864039.41	1864017.02	1864061.82	0.000350692542	11950.6981	0	100	3.15587e+06	0	0	3
455	39	0.582756263	11.375	1864017.02	1864039.41	1864017.02	1864061.82	0.000339893391	11950.6981	0	100	3.15605e+06	0	0	3
456	39	0.584074305	11.4	1864061.82	1864039.41	1864017.02	1864061.82	0.000330116134	11950.6981	0	100	3.15587e+06	0	0	3
457	39	0.585392833	11.425	1864017.02	1864039.41	1864017.02	1864061.82	0.000319915591	11950.6981	0	100	3.15605e+06	0	0	3
458	39	0.586710875	11.45	1864061.82	1864039.41	1864017.02	1864061.82	0.000310677104	11950.6981	0	100	3.15587e+06	0	0	3
459	39	0.588029403	11.475	1864017.02	1864039.41	1864017.02	1864061.82	0.000301041408	11950.6981	0	100	3.15605e+06	0	0	3
460	39	0.589347445	11.5	1864061.82	1864039.41	1864017.02	1864061.82	0.000292314216	11950.6981	0	100	3.15587e+06	0	0	3
461	39	0.590665972	11.525	1864017.02	1864039.41	1864017.02	1864061.82	0.000283214496	11950.6981	0	100	3.15605e+06	0	0	3
462	39	0.591984014	11.55	1864061.82	1864039.41	1864017.02	1864061.82	0.000274972292	11950.6981	0	100	3.15587e+06	0	0	3
463	39	0.593302542	11.575	1864017.02	1864039.41	1864017.02	1864061.82	0.000266382238	11950.6981	0	100	3.15605e+06	0	0	3
464	39	0.594620584	11.6	1864061.82	1864039.41	1864017.02	1864061.82	0.000258602202	11950.6981	0	100	3.15587e+06	0	0	3
465	40	0.595939112	11.625	1864017.02	1864039.41	1864017.02	1864061.82	0.000250496902	11950.6981	0	100	3.15605e+06	0	0	3
466	40	0.597257154	11.65	1864061.82	1864039.41	1864017.02	1864061.82	0.000243156916	11950.6981	0	100	3.15587e+06	0	0	3
467	40	0.598575682	11.675	1864017.02	1864039.41	1864017.02	1864061.82	0.000235514017	11950.6981	0	100	3.15605e+06	0	0	3
468	40	0.599893724	11.7	1864061.82	1864039.41	1864017.02	1864061.82	0.000228593824	11950.6981	0	100	3.15587e+06	0	0	3
469	40	0.601212252	11.725	1864017.02	1864039.41	1864017.02	1864061.82	0.000221390743	11950.6981	0	100	3.15605e+06	0	0	3
470	40	0.602530293	11.75	1864061.82	1864039.41	1864017.02	1864061.82	0.000214870553	11950.6981	0	100	3.15587e+06	0	0	3
471	40	0.603848821	11.775	1864017.02	1864039.41	1864017.02	1864061.82	0.0002080868	11950.6981	0	100	3.15605e+06	0	0	3
472	40	0.605166863	11.8	1864061.82	1864039.41	1864017.02	1864061.82	0.000201948918	11950.6981	0	100	3.15587e+06	0	0	3
473	40	0.606485391	11.825	1864017.02	1864039.41	1864017.02	1864061.82	0.000195564236	11950.6981	0	100	3.15605e+06	0	0	3
474	40	0.607803433	11.85	1864061.82	1864039.41	1864017.02	1864061.82	0.000189788872	11950.6981	0	100	3.15587e+06	0	0	3
475	40	0.609121961	11.875	1864017.02	1864039.41	1864017.02	1864061.82	0.000183784403	11950.6981	0	100	3.15605e+06	0	0	3
476	40	0.610440003	11.9	1864061.82	1864039.41	1864017.02	1864061.82	0.000178354559	11950.6981	0	100	3.15587e+06	0	0	3
477	41	0.611758531	11.925	1864017.02	1864039.41	1864017.02	1864061.82	0.000172710046	11950.6981	0	100	3.15605e+06	0	0	3
478	41	0.613076572	11.95	1864061.82	1864039.41	1864017.02	1864061.82	0.000167609192	11950.6981	0	100	3.15587e+06	0	0	3
479	41	0.6143951	11.975	1864017.02	1864039.41	1864017.02	1864061.82	0.000162306475	11950.6981	0	100	3.15605e+06	0	0	3
480	41	0.615713142	12	1864061.82	1864039.41	1864017.02	1864061.82	0.000157516683	11950.6981	0	100	3.15587e+06	0	0	3
481	41	0.61703167	12.025	1864017.02	1864039.41	1864017.02	1864061.82	0.000152538531	11950.6981	0	100	3.15605e+06	0	0	3
482	41	0.618349712	12.05	1864061.82	1864039.41	1864017.02	1864061.82	0.000148043036	11950.6981	0	100	3.15587e+06	0	0	3
483	41	0.61966824	12.075	1864017.02	1864039.41	1864017.02	1864061.82	0.000143371057	11950.6981	0	100	3.15605e+06	0	0	3
484	41	0.620986282	12.1	1864061.82	1864039.41	1864017.02	1864061.82	0.000139154028	11950.6981	0	100	3.15587e+06	0	0	3
485	41	0.62230481	12.125	1864017.02	1864039.41	1864017.02	1864061.82	0.000134770991	11950.6981	0	100	3.15605e+06	0	0	3
486	41	0.623622852	12.15	1864061.82	1864039.41	1864017.02	1864061.82	0.000130816363	11950.6981	0	100	3.15587e+06	0	0	3
487	41	0.62494138	12.175	1864017.02	1864039.41	1864017.02	1864061.82	0.000126705505	11950.6981	0	100	3.15605e+06	0	0	3
488	42	0.626259421	12.2	1864061.82	1864039.41	1864017.02	1864061.82	0.000122997677	11950.6981	0	100	3.15587e+06	0	0	3
489	42	0.627577949	12.225	1864017.02	1864039.41	1864017.02	1864061.82	0.0001191427	11950.6981	0	100	3.15605e+06	0	0	3
490	42	0.628895991	12.25	1864061.82	1864039.41	1864017.02	1864061.82	0.00011566747	11950.6981	0	100	3.15587e+06	0	0	3
491	42	0.630214519	12.275	1864017.02	1864039.41	1864017.02	1864061.82	0.000112052076	11950.6981	0	100	3.15605e+06	0	0	3
492	42	0.631532561	12.3	1864061.82	1864039.41	1864017.02	1864061.82	0.000108794775	11950.6981	0	100	3.15587e+06	0	0	3
493	42	0.632851089	12.325	1864017.02	1864039.41	1864017.02	1864061.82	0.000105404761	11950.6981	0	100	3.15605e+06	0	0	3
494	42	0.634169131	12.35	1864061.82	1864039.41	1864017.02	1864061.82	0.000102350023	11950.6981	0	100	3.15587e+06	0	0	3
495	42	0.635487659	12.375	1864017.02	1864039.41	1864017.02	1864061.82	9.91711859e-05	11950.6981	0	100	3.15605e+06	0	0	3
496	42	0.6368057	12.4	1864061.82	1864039.41	1864017.02	1864061.82	9.63076018e-05	11950.6981	0	100	3.15587e+06	0	0	3
497	42	0.638124228	12.425	1864017.02	1864039.41	1864017.02	1864061.82	9.33250412e-05	11950.6981	0	100	3.15605e+06	0	0	3
498	42	0.63944227	12.45	1864061.82	1864039.41	1864017.02	1864061.82	9.06386413e-05	11950.6981	0	100	3.15587e+06	0	0	3
499	43	0.640760798	12.475	1864017.02	1864039.41	1864017.02	1864061.82	8.78400169e-05	11950.6981	0	100	3.15605e+06	0	0	3
500	43	0.64207884	12.5	1864061.82	1864039.41	1864017.02	1864061.82	8.53196252e-05	11950.6981	0	100	3.15587e+06	0	0	3
501	43	0.643397368	12.525	1864017.02	1864039.41	1864017.02	1864061.82	8.26925971e-05	11950.6981	0	100	3.15605e+06	0	0	3
502	43	0.64471541	12.55	1864061.82	1864039.41	1864017.02	1864061.82	8.03263392e-05	11950.6981	0	100	3.15587e+06	0	0	3
503	43	0.646033938	12.575	1864017.02	1864039.41	1864017.02	1864061.82	7.78592657e-05	11950.6981	0	100	3.15605e+06	0	0	3
504	43	0.64735198	12.6	1864061.82	1864039.41	1864017.02	1864061.82	7.56373629e-05	11950.6981	0	100	3.15587e+06	0	0	3
505	43	0.648670507	12.625	1864017.02	1864039.41	1864017.02	1864061.82	7.33190682e-05	11950.6981	0	100	3.15605e+06	0	0	3
506	43	0.649988549	12.65	1864061.82	1864039.41	1864017.02	1864061.82	7.12312758e-05	11950.6981	0	100	3.15587e+06	0	0	3
507	43	0.651307077	12.675	1864017.02	1864039.41	1864017.02	1864061.82	6.90524466e-05	11950.6981	0	100	3.15605e+06	0	0	3
508	43	0.652625119	12.7	1864061.82	1864039.41	1864017.02	1864061.82	6.70899171e-05	11950.6981	0	100	3.15587e+06	0	0	3
509	43	0.653943647	12.725	1864017.02	1864039.41	1864017.02	1864061.82	6.50405418e-05	11950.6981	0	100	3.15605e+06	0	0	3
510	44	0.655261689	12.75	1864061.82	1864039.41	1864017.02	1864061.82	6.31941948e-05	11950.6981	0	100	3.15587e+06	0	0	3
511	44	0.656580217	12.775	1864017.02	1864039.41	1864017.02	1864061.82	6.12661242e-05	11950.6981	0	100	3.15605e+06	0	0	3
512	44	0.657898259	12.8	1864061.82	1864039.41	1864017.02	1864061.82	5.95292076e-05	11950.6981	0	100	3.15587e+06	0	0	3
513	44	0.659216787	12.825	1864017.02	1864039.41	1864017.02	1864061.82	5.77140599e-05	11950.6981	0	100	3.15605e+06	0	0	3
514	44	0.660534828	12.85	1864061.82	1864039.41	1864017.02	1864061.82	5.60781918e-05	11950.6981	0	100	3.15587e+06	0	0	3
515	44	0.661853356	12.875	1864017.02	1864039.41	1864017.02	1864061.82	5.43692149e-05	11950.6981	0	100	3.15605e+06	0	0	3
516	44	0.663171398	12.9	1864061.82	1864039.41	1864017.02	1864061.82	5.28281089e-05	11950.6981	0	100	3.15587e+06	0	0	3
517	44	0.664489926	12.925	1864017.02	1864039.41	1864017.02	1864061.82	5.12178522e-05	11950.6981	0	100	3.15605e+06	0	0	3
518	44	0.665807968	12.95	1864061.82	1864039.41	1864017.02	1864061.82	4.97663859e-05	11950.6981	0	100	3.15587e+06	0	0	3
519	44	0.667126496	12.975	1864017.02	1864039.41	1864017.02	1864061.82	4.82490286e-05	11950.6981	0	100	3.15605e+06	0	0	3
520	44	0.668444538	13	1864061.82	1864039.41	1864017.02	1864061.82	4.68806829e-05	11950.6981	0	100	3.15587e+06	0	0	3
521	45	0.669763066	13.025	1864017.02	1864039.41	1864017.02	1864061.82	4.54504043e-05	11950.6981	0	100	3.15605e+06	0	0	3
522	45	0.671081107	13.05	1864061.82	1864039.41	1864017.02	1864061.82	4.41607554e-05	11950.6981	0	100	3.15587e+06	0	0	3
523	45	0.672399635	13.075	1864017.02	1864039.41	1864017.02	1864061.82	4.28122003e-05	11950.6981	0	100	3.15605e+06	0	0	3
524	45	0.673717677	13.1	1864061.82	1864039.41	1864017.02	1864061.82	4.15963586e-05	11950.6981	0	100	3.15587e+06	0	0	3
525	45	0.675036205	13.125	1864017.02	1864039.41	1864017.02	1864061.82	4.03244048e-05	11950.6981	0	100	3.15605e+06	0	0	3
526	45	0.676354247	13.15	1864061.82	1864039.41	1864017.02	1864061.82	3.91774811e-05	11950.6981	0	100	3.15587e+06	0	0	3
527	45	0.677672775	13.175	1864017.02	1864039.41	1864017.02	1864061.82	3.79784033e-05	11950.6981	0	100	3.15605e+06	0	0	3
528	45	0.678990817	13.2	1864061.82	1864039.41	1864017.02	1864061.82	3.68969049e-05	11950.6981	0	100	3.15587e+06	0	0	3
529	45	0.680309345	13.225	1864017.02	1864039.41	1864017.02	1864061.82	3.57662793e-05	11950.6981	0	100	3.15605e+06	0	0	3
530	45	0.681627387	13.25	1864061.82	1864039.41	1864017.02	1864061.82	3.47455498e-05	11950.6981	0	100	3.15587e+06	0	0	3
531	45	0.682945914	13.275	1864017.02	1864039.41	1864017.02	1864061.82	3.36794183e-05	11950.6981	0	100	3.15605e+06	0	0	3
532	46	0.684263956	13.3	1864061.82	1864039.41	1864017.02	1864061.82	3.27180605e-05	11950.6981	0	100	3.15587e+06	0	0	3
533	46	0.685582484	13.325	1864017.02	1864039.41	1864017.02	1864061.82	3.1712465e-05	11950.6981	0	100	3.15605e+06	0	0	3
534	46	0.686900526	13.35	1864061.82	1864039.41	1864017.02	1864061.82	3.08053568e-05	11950.6981	0	100	3.15587e+06	0	0	3
535	46	0.688219054	13.375	1864017.02	1864039.41	1864017.02	1864061.82	2.98584346e-05	11950.6981	0	100	3.15605e+06	0	0	3
536	46	0.689537096	13.4	1864061.82	1864039.41	1864017.02	1864061.82	2.90041789e-05	11950.6981	0	100	3.15587e+06	0	0	3
537	46	0.690855624	13.425	1864017.02	1864039.41	1864017.02	1864061.82	2.81108078e-05	11950.6981	0	100	3.15605e+06	0	0	3
538	46	0.692173666	13.45	1864061.82	1864039.41	1864017.02	1864061.82	2.73045152e-05	11950.6981	0	100	3.15587e+06	0	0	3
539	46	0.693492194	13.475	1864017.02	1864039.41	1864017.02	1864061.82	2.6463531e-05	11950.6981	0	100	3.15605e+06	0	0	3
540	56	0.694810235	13.5	1864061.82	1864039.41	1864017.02	1864061.82	2.57045031e-05	11950.6981	0	100	3.15587e+06	0	0	3
541	56	0.696128763	13.525	1864017.02	1864039.41	1864017.02	1864061.82	2.49114819e-05	11950.6981	0	100	3.15605e+06	0	0	3
542	56	0.697446805	13.55	1864061.82	1864039.41	1864017.02	1864061.82	2.41962261e-05	11950.6981	0	100	3.15587e+06	0	0	3
543	56	0.698765333	13.575	1864017.02	1864039.41	1864017.02	1864061.82	2.34493054e-05	11950.6981	0	100	3.15605e+06	0	0	3
544	56	0.700083375	13.6	1864061.82	1864039.41	1864017.02	1864061.82	2.27759592e-05	11950.6981	0	100	3.15587e+06	0	0	3
545	56	0.701401903	13.625	1864017.02	1864039.41	1864017.02	1864061.82	2.20732763e-05	11950.6981	0	100	3.15605e+06	0	0	3
546	56	0.702719945	13.65	1864061.82	1864039.41	1864017.02	1864061.82	2.14390457e-05	11950.6981	0	100	3.15587e+06	0	0	3
547	56	0.704038473	13.675	1864017.02	1864039.41	1864017.02	1864061.82	2.07771081e-05	11950.6981	0	100	3.15605e+06	0	0	3
548	56	0.705356514	13.7	1864061.82	1864039.41	1864017.02	1864061.82	2.0180596e-05	11950.6981	0	100	3.15587e+06	0	0	3
549	57	0.706675042	13.725	1864017.02	1864039.41	1864017.02	1864061.82	1.95582397e-05	11950.6981	0	100	3.15605e+06	0	0	3
550	57	0.707993084	13.75	1864061.82	1864039.41	1864017.02	1864061.82	1.89964194e-05	11950.6981	0	100	3.15587e+06	0	0	3
551	57	0.709311612	13.775	1864017.02	1864039.41	1864017.02	1864061.82	1.8409919e-05	11950.6981	0	100	3.15605e+06	0	0	3
552	57	0.710629654	13.8	1864061.82	1864039.41	1864017.02	1864061.82	1.78818591e-05	11950.6981	0	100	3.15587e+06	0	0	3
553	57	0.711948182	13.825	1864017.02	1864039.41	1864017.02	1864061.82	1.73298176e-05	11950.6981	0	100	3.15605e+06	0	0	3
554	57	0.713266224	13.85	1864061.82	1864039.41	1864017.02	1864061.82	1.68324914e-05	11950.6981	0	100	3.15587e+06	0	0	3
555	57	0.714584752	13.875	1864017.02	1864039.41	1864017.02	1864061.82	1.6313279e-05	11950.6981	0	100	3.15605e+06	0	0	3
556	57	0.715902794	13.9	1864061.82	1864039.41	1864017.02	1864061.82	1.58455223e-05	11950.6981	0	100	3.15587e+06	0	0	3
557	57	0.717221322	13.925	1864017.02	1864039.41	1864017.02	1864061.82	1.53577421e-05	11950.6981	0	100	3.15605e+06	0	0	3
558	57	0.718539363	13.95	1864061.82	1864039.41	1864017.02	1864061.82	1.4917925e-05	11950.6981	0	100	3.15587e+06	0	0	3
559	58	0.719857891	13.975	1864017.02	1864039.41	1864017.02	1864061.82	1.44590158e-05	11950.6981	0	100	3.15605e+06	0	0	3
560	58	0.721175933	14	1864061.82	1864039.41	1864017.02	1864061.82	1.40452757e-05	11950.6981	0	100	3.15587e+06	0	0	3
561	58	0.722494461	14.025	1864017.02	1864039.41	1864017.02	1864061.82	1.36136077e-05	11950.6981	0	100	3.15605e+06	0	0	3
562	58	0.723812503	14.05	1864061.82	1864039.41	1864017.02	1864061.82	1.32245477e-05	11950.6981	0	100	3.15587e+06	0	0	3
563	58	0.725131031	14.075	1864017.02	1864039.41	1864017.02	1864061.82	1.28184911e-05	11950.6981	0	100	3.15605e+06	0	0	3
564	58	0.726449073	14.1	1864061.82	1864039.41	1864017.02	1864061.82	1.2452947e-05	11950.6981	0	100	3.15587e+06	0	0	3
565	58	0.727767601	14.125	1864017.02	1864039.41	1864017.02	1864061.82	1.20706391e-05	11950.6981	0	100	3.15605e+06	0	0	3
566	58	0.729085642	14.15	1864061.82	1864039.41	1864017.02	1864061.82	1.17267482e-05	11950.6981	0	100	3.15587e+06	0	0	3
567	58	0.73040417	14.175	1864017.02	1864039.41	1864017.02	1864061.82	1.13672577e-05	11950.6981	0	100	3.15605e+06	0	0	3
568	58	0.731722212	14.2	1864061.82	1864039.41	1864017.02	1864061.82	1.10431574e-05	11950.6981	0	100	3.15587e+06	0	0	3
569	58	0.73304074	14.225	1864017.02	1864039.41	1864017.02	1864061.82	1.0705553e-05	11950.6981	0	100	3.15605e+06	0	0	3
570	59	0.734358782	14.25	1864061.82	1864039.41	1864017.02	1864061.82	1.04007777e-05	11950.6981	0	100	3.15587e+06	0	0	3
571	59	0.73567731	14.275	1864017.02	1864039.41	1864017.02	1864061.82	1.00829639e-05	11950.6981	0	100	3.15605e+06	0	0	3
572	59	0.736995352	14.3	1864061.82	1864039.41	1864017.02	1864061.82	9.79681499e-06	11950.6981	0	100	3.15587e+06	0	0	3
573	59	0.73831388	14.325	1864017.02	1864039.41	1864017.02	1864061.82	9.49739479e-06	11950.6981	0	100	3.15605e+06	0	0	3
574	59	0.739631922	14.35	1864061.82	1864039.41	1864017.02	1864061.82	9.22824256e-06	11950.6981	0	100	3.15587e+06	0	0	3
575	59	0.740950449	14.375	1864017.02	1864039.41	1864017.02	1864061.82	8.94675031e-06	11950.6981	0	100	3.15605e+06	0	0	3
576	59	0.742268491	14.4	1864061.82	1864039.41	1864017.02	1864061.82	8.69319774e-06	11950.6981	0	100	3.15587e+06	0	0	3
577	59	0.743587019	14.425	1864017.02	1864039.41	1864017.02	1864061.82	8.42777081e-06	11950.6981	0	100	3.15605e+06	0	0	3
578	59	0.744905061	14.45	1864061.82	1864039.41	1864017.02	1864061.82	8.18818808e-06	11950.6981	0	100	3.15587e+06	0	0	3
579	59	0.746223589	14.475	1864017.02	1864039.41	1864017.02	1864061.82	7.93882646e-06	11950.6981	0	100	3.15605e+06	0	0	3
580	60	0.747541631	14.5	1864061.82	1864039.41	1864017.02	1864061.82	7.71414489e-06	11950.6981	0	100	3.15587e+06	0	0	3
581	60	0.748860159	14.525	1864017.02	1864039.41	1864017.02	1864061.82	7.47921877e-06	11950.6981	0	100	3.15605e+06	0	0	3
582	60	0.750178201	14.55	1864061.82	1864039.41	1864017.02	1864061.82	7.26757571e-06	11950.6981	0	100	3.15587e+06	0	0	3
583	60	0.751496729	14.575	1864017.02	1864039.41	1864017.02	1864061.82	7.04568811e-06	11950.6981	0	100	3.15605e+06	0	0	3
584	60	0.75281477	14.6	1864061.82	1864039.41	1864017.02	1864061.82	6.84685074e-06	11950.6981	0	100	3.15587e+06	0	0	3
585	60	0.754133298	14.625	1864017.02	1864039.41	1864017.02	1864061.82	6.63870014e-06	11950.6981	0	100	3.15605e+06	0	0	3
586	60	0.75545134	14.65	1864061.82	1864039.41	1864017.02	1864061.82	6.45057298e-06	11950.6981	0	100	3.15587e+06	0	0	3
587	60	0.756769868	14.675	1864017.02	1864039.41	1864017.02	1864061.82	6.25429675e-06	11950.6981	0	100	3.15605e+06	0	0	3
588	60	0.75808791	14.7	1864061.82	1864039.41	1864017.02	1864061.82	6.07711263e-06	11950.6981	0	100	3.15587e+06	0	0	3
589	60	0.759406438	14.725	1864017.02	1864039.41	1864017.02	1864061.82	5.8922451e-06	11950.6981	0	100	3.15605e+06	0	0	3
590	61	0.76072448	14.75	1864061.82	1864039.41	1864017.02	1864061.82	5.72530553e-06	11950.6981	0	100	3.15587e+06	0	0	3
591	61	0.762043008	14.775	1864017.02	1864039.41	1864017.02	1864061.82	5.55091538e-06	11950.6981	0	100	3.15605e+06	0	0	3
592	61	0.763361049	14.8	1864061.82	1864039.41	1864017.02	1864061.82	5.39398752e-06	11950.6981	0	100	3.15587e+06	0	0	3
593	61	0.764679577	14.825	1864017.02	1864039.41	1864017.02	1864061.82	5.22937626e-06	11950.6981	0	100	3.15605e+06	0	0	3
594	61	0.765997619	14.85	1864061.82	1864039.41	1864017.02	1864061.82	5.0815288e-06	11950.6981	0	100	3.15587e+06	0	0	3
595	61	0.767316147	14.875	1864017.02	1864039.41	1864017.02	1864061.82	4.92692925e-06	11950.6981	0	100	3.15605e+06	0	0	3
596	61	0.768634189	14.9	1864061.82	1864039.41	1864017.02	1864061.82	4.78769653e-06	11950.6981	0	100	3.15587e+06	0	0	3
597	61	0.769952717	14.925	1864017.02	1864039.41	1864017.02	1864061.82	4.6424102e-06	11950.6981	0	100	3.15605e+06	0	0	3
598	61	0.771270759	14.95	1864061.82	1864039.41	1864017.02	1864061.82	4.51086089e-06	11950.6981	0	100	3.15587e+06	0	0	3
599	61	0.772589287	14.975	1864017.02	1864039.41	1864017.02	1864061.82	4.37302515e-06	11950.6981	0	100	3.15605e+06	0	0	3
600	62	0.773907329	15	1864061.82	1864039.41	1864017.02	1864061.82	4.24869359e-06	11950.6981	0	100	3.15587e+06	0	0	3
601	62	0.775225856	15.025	1864017.02	1864039.41	1864017.02	1864061.82	4.11923975e-06	11950.6981	0	100	3.15605e+06	0	0	3
602	62	0.776543898	15.05	1864061.82	1864039.41	1864017.02	1864061.82	4.0025916e-06	11950.6981	0	100	3.15587e+06	0	0	3
603	62	0.777862426	15.075	1864017.02	1864039.41	1864017.02	1864061.82	3.88058834e-06	11950.6981	0	100	3.15605e+06	0	0	3
604	62	0.779180468	15.1	1864061.82	1864039.41	1864017.02	1864061.82	3.77022661e-06	11950.6981	0	100	3.15587e+06	0	0	3
605	62	0.780498996	15.125	1864017.02	1864039.41	1864017.02	1864061.82	3.65520827e-06	11950.6981	0	100	3.15605e+06	0	0	3
606	62	0.781817038	15.15	1864061.82	1864039.41	1864017.02	1864061.82	3.55136581e-06	11950.6981	0	100	3.15587e+06	0	0	3
607	62	0.783135566	15.175	1864017.02	1864039.41	1864017.02	1864061.82	3.44286673e-06	11950.6981	0	100	3.15605e+06	0	0	3
608	62	0.784453608	15.2	1864061.82	1864039.41	1864017.02	1864061.82	3.34531069e-06	11950.6981	0	100	3.15587e+06	0	0	3
609	62	0.785772136	15.225	1864017.02	1864039.41	1864017.02	1864061.82	3.24309804e-06	11950.6981	0	100	3.15605e+06	0	0	3
610	63	0.787090177	15.25	1864061.82	1864039.41	1864017.02	1864061.82	3.1508971e-06	11950.6981	0	100	3.15587e+06	0	0	3
611	63	0.788408705	15.275	1864017.02	1864039.41	1864017.02	1864061.82	3.05450521e-06	11950.6981	0	100	3.15605e+06	0	0	3
612	63	0.789726747	15.3	1864061.82	1864039.41	1864017.02	1864061.82	2.96742655e-06	11950.6981	0	100	3.15587e+06	0	0	3
613	63	0.791045275	15.325	1864017.02	1864039.41	1864017.02	1864061.82	2.8766226e-06	11950.6981	0	100	3.15605e+06	0	0	3
614	63	0.792363317	15.35	1864061.82	1864039.41	1864017.02	1864061.82	2.79466622e-06	11950.6981	0	100	3.15587e+06	0	0	3
615	63	0.793681845	15.375	1864017.02	1864039.41	1864017.02	1864061.82	2.70921737e-06	11950.6981	0	100	3.15605e+06	0	0	3
616	63	0.794999887	15.4	1864061.82	1864039.41	1864017.02	1864061.82	2.6319176e-06	11950.6981	0	100	3.15587e+06	0	0	3
617	63	0.796318415	15.425	1864017.02	1864039.41	1864017.02	1864061.82	2.55112536e-06	11950.6981	0	100	3.15605e+06	0	0	3
618	63	0.797636456	15.45	1864061.82	1864039.41	1864017.02	1864061.82	2.47918069e-06	11950.6981	0	100	3.15587e+06	0	0	3
619	63	0.798954984	15.475	1864017.02	1864039.41	1864017.02	1864061.82	2.4039764e-06	11950.6981	0	100	3.15605e+06	0	0	3
620	64	0.800273026	15.5	1864061.82	1864039.41	1864017.02	1864061.82	2.33552419e-06	11950.6981	0	100	3.15587e+06	0	0	3
621	64	0.801591554	15.525	1864017.02	1864039.41	1864017.02	1864061.82	2.26451084e-06	11950.6981	0	100	3.15605e+06	0	0	3
622	64	0.802909596	15.55	1864061.82	1864039.41	1864017.02	1864061.82	2.19955109e-06	11950.6981	0	100	3.15587e+06	0	0	3
623	64	0.804228124	15.575	1864017.02	1864039.41	1864017.02	1864061.82	2.13249587e-06	11950.6981	0	100	3.15605e+06	0	0	3
624	64	0.805546166	15.6	1864061.82	1864039.41	1864017.02	1864061.82	2.07172707e-06	11950.6981	0	100	3.15587e+06	0	0	3
625	64	0.806864694	15.625	1864017.02	1864039.41	1864017.02	1864061.82	2.00862996e-06	11950.6981	0	100	3.15605e+06	0	0	3
626	64	0.808182736	15.65	1864061.82	1864039.41	1864017.02	1864061.82	1.95158646e-06	11950.6981	0	100	3.15587e+06	0	0	3
627	64	0.809501264	15.675	1864017.02	1864039.41	1864017.02	1864061.82	1.89174898e-06	11950.6981	0	100	3.15605e+06	0	0	3
628	64	0.810819305	15.7	1864061.82	1864039.41	1864017.02	1864061.82	1.83819793e-06	11950.6981	0	100	3.15587e+06	0	0	3
629	65	0.812137833	15.725	1864017.02	1864039.41	1864017.02	1864061.82	1.78231858e-06	11950.6981	0	100	3.15605e+06	0	0	3
630	65	0.813455875	15.75	1864061.82	1864039.41	1864017.02	1864061.82	1.73179433e-06	11950.6981	0	100	3.15587e+06	0	0	3
631	65	0.814774403	15.775	1864017.02	1864039.41	1864017.02	1864061.82	1.67894177e-06	11950.6981	0	100	3.15605e+06	0	0	3
632	65	0.816092445	15.8	1864061.82	1864039.41	1864017.02	1864061.82	1.63121149e-06	11950.6981	0	100	3.15587e+06	0	0	3
633	65	0.817410973	15.825	1864017.02	1864039.41	1864017.02	1864061.82	1.58138573e-06	11950.6981	0	100	3.15605e+06	0	0	3
634	65	0.818729015	15.85	1864061.82	1864039.41	1864017.02	1864061.82	1.53621659e-06	11950.6981	0	100	3.15587e+06	0	0	3
635	65	0.820047543	15.875	1864017.02	1864039.41	1864017.02	1864061.82	1.4891848e-06	11950.6981	0	100	3.15605e+06	0	0	3
636	65	0.821365584	15.9	1864061.82	1864039.41	1864017.02	1864061.82	1.44750811e-06	11950.6981	0	100	3.15587e+06	0	0	3
637	65	0.822684112	15.925	1864017.02	1864039.41	1864017.02	1864061.82	1.40303746e-06	11950.6981	0	100	3.15605e+06	0	0	3
638	65	0.824002154	15.95	1864061.82	1864039.41	1864017.02	1864061.82	1.36322342e-06	11950.6981	0	100	3.15587e+06	0	0	3
639	66	0.825320682	15.975	1864017.02	1864039.41	1864017.02	1864061.82	1.32154673e-06	11950.6981	0	100	3.15605e+06	0	0	3
640	66	0.826638724	16	1864061.82	1864039.41	1864017.02	1864061.82	1.28382817e-06	11950.6981	0	100	3.15587e+06	0	0	3
641	66	0.827957252	16.025	1864017.02	1864039.41	1864017.02	1864061.82	1.24517828e-06	11950.6981	0	100	3.15605e+06	0	0	3
642	66	0.829275294	16.05	1864061.82	1864039.41	1864017.02	1864061.82	1.20955519e-06	11950.6981	0	100	3.15587e+06	0	0	3
643	66	0.830593822	16.075	1864017.02	1864039.41	1864017.02	1864061.82	1.17276795e-06	11950.6981	0	100	3.15605e+06	0	0	3
644	66	0.831911863	16.1	1864061.82	1864039.41	1864017.02	1864061.82	1.13993883e-06	11950.6981	0	100	3.15587e+06	0	0	3
645	66	0.833230391	16.125	1864017.02	1864038.35	1864017.02	1864061.82	1.06651766	11950.6981	0	100	3.15605e+06	0	0	3
646	66	0.834548433	16.15	1864061.82	1864040.48	1864017.02	1864061.82	2.13305169	11950.6981	0	100	3.15587e+06	0	0	3
647	66	0.835866961	16.175	1864017.02	1864038.35	1864017.02	1864061.82	2.13305178	11950.6981	0	100	3.15605e+06	0	0	3
648	66	0.837185003	16.2	1864061.82	1864040.48	1864017.02	1864061.82	2.13305178	11950.6981	0	100	3.15587e+06	0	0	3
649	67	0.838503531	16.225	1864017.02	1864038.35	1864017.02	1864061.82	2.13305186	11950.6981	0	100	3.15605e+06	0	0	3
650	67	0.839821573	16.25	1864061.82	1864040.48	1864017.02	1864061.82	2.13305186	11950.6981	0	100	3.15587e+06	0	0	3
651	67	0.841140101	16.275	1864017.02	1864038.35	1864017.02	1864061.82	2.13305194	11950.6981	0	100	3.15605e+06	0	0	3
652	67	0.842458143	16.3	1864061.82	1864040.48	1864017.02	1864061.82	2.13305194	11950.6981	0	100	3.15587e+06	0	0	3
653	67	0.843776671	16.325	1864017.02	1864038.35	1864017.02	1864061.82	2.13305201	11950.6981	0	100	3.15605e+06	0	0	3
654	67	0.845094712	16.35	1864061.82	1864040.48	1864017.02	1864061.82	2.13305201	11950.6981	0	100	3.15587e+06	0	0	3
655	67	0.84641324	16.375	1864017.02	1864038.35	1864017.02	1864061.82	2.13305208	11950.6981	0	100	3.15605e+06	0	0	3
656	67	0.847731282	16.4	1864061.82	1864040.48	1864017.02	1864061.82	2.13305208	11950.6981	0	100	3.15587e+06	0	0	3
657	67	0.84904981	16.425	1864017.02	1864038.35	1864017.02	1864061.82	2.13305214	11950.6981	0	100	3.15605e+06	0	0	3
658	68	0.850367852	16.45	1864061.82	1864040.48	1864017.02	1864061.82	2.13305214	11950.6981	0	100	3.15587e+06	0	0	3
659	68	0.85168638	16.475	1864017.02	1864038.35	1864017.02	1864061.82	2.1330522	11950.6981	0	100	3.15605e+06	0	0	3
660	68	0.853004422	16.5	1864061.82	1864040.48	1864017.02	1864061.82	2.1330522	11950.6981	0	100	3.15587e+06	0	0	3
661	68	0.85432295	16.525	1864017.02	1864038.35	1864017.02	1864061.82	2.13305225	11950.6981	0	100	3.15605e+06	0	0	3
662	68	0.855640991	16.55	1864061.82	1864040.48	1864017.02	1864061.82	2.13305225	11950.6981	0	100	3.15587e+06	0	0	3
663	68	0.856959519	16.575	1864017.02	1864038.35	1864017.02	1864061.82	2.13305231	11950.6981	0	100	3.15605e+06	0	0	3
664	68	0.858277561	16.6	1864061.82	1864040.48	1864017.02	1864061.82	2.13305231	11950.6981	0	100	3.15587e+06	0	0	3
665	68	0.859596089	16.625	1864017.02	1864038.35	1864017.02	1864061.82	2.13305236	11950.6981	0	100	3.15605e+06	0	0	3
666	68	0.860914131	16.65	1864061.82	1864040.48	1864017.02	1864061.82	2.13305236	11950.6981	0	100	3.15587e+06	0	0	3
667	68	0.862232659	16.675	1864017.02	1864038.35	1864017.02	1864061.82	2.13305232	11950.6981	0	100	3.15605e+06	0	0	3
668	69	0.863550701	16.7	1864061.82	1864040.48	1864017.02	1864061.82	2.13305232	11950.6981	0	100	3.15587e+06	0	0	3
669	69	0.864869229	16.725	1864017.02	1864038.35	1864017.02	1864061.82	2.13305229	11950.6981	0	100	3.15605e+06	0	0	3
670	69	0.866187271	16.75	1864061.82	1864040.48	1864017.02	1864061.82	2.13305229	11950.6981	0	100	3.15587e+06	0	0	3
671	69	0.867505798	16.775	1864017.02	1864038.35	1864017.02	1864061.82	2.13305226	11950.6981	0	100	3.15605e+06	0	0	3
672	69	0.86882384	16.8	1864061.82	1864040.48	1864017.02	1864061.82	2.13305226	11950.6981	0	100	3.15587e+06	0	0	3
673	69	0.870142368	16.825	1864017.02	1864038.35	1864017.02	1864061.82	2.13305222	11950.6981	0	100	3.15605e+06	0	0	3
674	69	0.87146041	16.85	1864061.82	1864040.48	1864017.02	1864061.82	2.13305222	11950.6981	0	100	3.15587e+06	0	0	3
675	69	0.872778938	16.875	1864017.02	1864038.35	1864017.02	1864061.82	2.1330522	11950.6981	0	100	3.15605e+06	0	0	3
676	69	0.87409698	16.9	1864061.82	1864040.48	1864017.02	1864061.82	2.1330522	11950.6981	0	100	3.15587e+06	0	0	3
677	69	0.875415508	16.925	1864017.02	1864038.35	1864017.02	1864061.82	2.13305217	11950.6981	0	100	3.15605e+06	0	0	3
678	70	0.87673355	16.95	1864061.82	1864040.48	1864017.02	1864061.82	2.13305217	11950.6981	0	100	3.15587e+06	0	0	3
679	70	0.878052078	16.975	1864017.02	1864038.35	1864017.02	1864061.82	2.13305215	11950.6981	0	100	3.15605e+06	0	0	3
680	70	0.879370119	17	1864061.82	1864040.48	1864017.02	1864061.82	2.13305215	11950.6981	0	100	3.15587e+06	0	0	3
681	70	0.880688647	17.025	1864017.02	1864038.35	1864017.02	1864061.82	2.13305212	11950.6981	0	100	3.15605e+06	0	0	3
682	70	0.882006689	17.05	1864061.82	1864040.48	1864017.02	1864061.82	2.13305212	11950.6981	0	100	3.15587e+06	0	0	3
683	70	0.883325217	17.075	1864017.02	1864038.35	1864017.02	1864061.82	2.1330521	11950.6981	0	100	3.15605e+06	0	0	3
684	70	0.884643259	17.1	1864061.82	1864040.48	1864017.02	1864061.82	2.1330521	11950.6981	0	100	3.15587e+06	0	0	3
685	70	0.885961787	17.125	1864017.02	1864038.35	1864017.02	1864061.82	2.13305208	11950.6981	0	100	3.15605e+06	0	0	3
686	70	0.887279829	17.15	1864061.82	1864040.48	1864017.02	1864061.82	2.13305208	11950.6981	0	100	3.15587e+06	0	0	3
687	71	0.888598357	17.175	1864017.02	1864038.35	1864017.02	1864061.82	2.13305206	11950.6981	0	100	3.15605e+06	0	0	3
688	71	0.889916398	17.2	1864061.82	1864040.48	1864017.02	1864061.82	2.13305206	11950.6981	0	100	3.15587e+06	0	0	3
689	71	0.891234926	17.225	1864017.02	1864038.35	1864017.02	1864061.82	2.13305204	11950.6981	0	100	3.15605e+06	0	0	3
690	71	0.892552968	17.25	1864061.82	1864040.48	1864017.02	1864061.82	2.13305204	11950.6981	0	100	3.15587e+06	0	0	3
691	71	0.893871496	17.275	1864017.02	1864038.35	1864017.02	1864061.82	2.13305202	11950.6981	0	100	3.15605e+06	0	0	3
692	71	0.895189538	17.3	1864061.82	1864040.48	1864017.02	1864061.82	2.13305202	11950.6981	0	100	3.15587e+06	0	0	3
693	71	0.896508066	17.325	1864017.02	1864038.35	1864017.02	1864061.82	2.13305201	11950.6981	0	100	3.15605e+06	0	0	3
694	71	0.897826108	17.35	1864061.82	1864040.48	1864017.02	1864061.82	2.13305201	11950.6981	0	100	3.15587e+06	0	0	3
695	71	0.899144636	17.375	1864017.02	1864038.35	1864017.02	1864061.82	2.13305199	11950.6981	0	100	3.15605e+06	0	0	3
696	72	0.900462678	17.4	1864061.82	1864040.48	1864017.02	1864061.82	2.13305199	11950.6981	0	100	3.15587e+06	0	0	3
697	72	0.901781205	17.425	1864017.02	1864038.35	1864017.02	1864061.82	2.13305197	11950.6981	0	100	3.15605e+06	0	0	3
698	72	0.903099247	17.45	1864061.82	1864040.48	1864017.02	1864061.82	2.13305197	11950.6981	0	100	3.15587e+06	0	0	3
699	72	0.904417775	17.475	1864017.02	1864038.35	1864017.02	1864061.82	2.13305196	11950.6981	0	100	3.15605e+06	0	0	3
700	72	0.905735817	17.5	1864061.82	1864040.48	1864017.02	1864061.82	2.13305196	11950.6981	0	100	3.15587e+06	0	0	3
701	72	0.907054345	17.525	1864017.02	1864038.35	1864017.02	1864061.82	2.13305195	11950.6981	0	100	3.15605e+06	0	0	3
702	72	0.908372387	17.55	1864061.82	1864040.48	1864017.02	1864061.82	2.13305195	11950.6981	0	100	3.15587e+06	0	0	3
703	72	0.909690915	17.575	1864017.02	1864038.35	1864017.02	1864061.82	2.13305194	11950.6981	0	100	3.15605e+06	0	0	3
704	72	0.911008957	17.6	1864061.82	1864040.48	1864017.02	1864061.82	2.13305194	11950.6981	0	100	3.15587e+06	0	0	3
705	72	0.912327485	17.625	1864017.02	1864038.35	1864017.02	1864061.82	2.13305192	11950.6981	0	100	3.15605e+06	0	0	3
706	73	0.913645526	17.65	1864061.82	1864040.48	1864017.02	1864061.82	2.13305192	11950.6981	0	100	3.15587e+06	0	0	3
707	73	0.914964054	17.675	1864017.02	1864038.35	1864017.02	1864061.82	2.13305191	11950.6981	0	100	3.15605e+06	0	0	3
708	73	0.916282096	17.7	1864061.82	1864040.48	1864017.02	1864061.82	2.13305191	11950.6981	0	100	3.15587e+06	0	0	3
709	73	0.917600624	17.725	1864017.02	1864038.35	1864017.02	1864061.82	2.1330519	11950.6981	0	100	3.15605e+06	0	0	3
710	73	0.918918666	17.75	1864061.82	1864040.48	1864017.02	1864061.82	2.1330519	11950.6981	0	100	3.15587e+06	0	0	3
711	73	0.920237194	17.775	1864017.02	1864038.35	1864017.02	1864061.82	2.13305189	11950.6981	0	100	3.15605e+06	0	0	3
712	73	0.921555236	17.8	1864061.82	1864040.48	1864017.02	1864061.82	2.13305189	11950.6981	0	100	3.15587e+06	0	0	3
713	73	0.922873764	17.825	1864017.02	1864038.35	1864017.02	1864061.82	2.13305188	11950.6981	0	100	3.15605e+06	0	0	3
714	73	0.924191805	17.85	1864061.82	1864040.48	1864017.02	1864061.82	2.13305188	11950.6981	0	100	3.15587e+06	0	0	3
715	74	0.925510333	17.875	1864017.02	1864038.35	1864017.02	1864061.82	2.13305188	11950.6981	0	100	3.15605e+06	0	0	3
716	74	0.926828375	17.9	1864061.82	1864040.48	1864017.02	1864061.82	2.13305188	11950.6981	0	100	3.15587e+06	0	0	3
717	74	0.928146903	17.925	1864017.02	1864038.35	1864017.02	1864061.82	2.13305187	11950.6981	0	100	3.15605e+06	0	0	3
718	74	0.929464945	17.95	1864061.82	1864040.48	1864017.02	1864061.82	2.13305187	11950.6981	0	100	3.15587e+06	0	0	3
719	74	0.930783473	17.975	1864017.02	1864038.35	1864017.02	1864061.82	2.13305186	11950.6981	0	100	3.15605e+06	0	0	3
720	74	0.932101515	18	1864061.82	1864040.48	1864017.02	1864061.82	2.13305186	11950.6981	0	100	3.15587e+06	0	0	3
721	74	0.933420043	18.025	1864017.02	1864038.35	1864017.02	1864061.82	2.13305185	11950.6981	0	100	3.15605e+06	0	0	3
722	74	0.934738085	18.05	1864061.82	1864040.48	1864017.02	1864061.82	2.13305185	11950.6981	0	100	3.15587e+06	0	0	3
723	74	0.936056613	18.075	1864017.02	1864038.35	1864017.02	1864061.82	2.13305185	11950.6981	0	100	3.15605e+06	0	0	3
724	75	0.937374654	18.1	1864061.82	1864040.48	1864017.02	1864061.82	2.13305185	11950.6981	0	100	3.15587e+06	0	0	3
725	75	0.938693182	18.125	1864017.02	1864038.35	1864017.02	1864061.82	2.13305184	11950.6981	0	100	3.15605e+06	0	0	3
726	75	0.940011224	18.15	1864061.82	1864040.48	1864017.02	1864061.82	2.13305184	11950.6981	0	100	3.15587e+06	0	0	3
727	75	0.941329752	18.175	1864017.02	1864038.35	1864017.02	1864061.82	2.13305183	11950.6981	0	100	3.15605e+06	0	0	3
728	75	0.942647794	18.2	1864061.82	1864040.48	1864017.02	1864061.82	2.13305183	11950.6981	0	100	3.15587e+06	0	0	3
729	75	0.943966322	18.225	1864017.02	1864038.35	1864017.02	1864061.82	2.13305183	11950.6981	0	100	3.15605e+06	0	0	3
730	75	0.945284364	18.25	1864061.82	1864040.48	1864017.02	1864061.82	2.13305183	11950.6981	0	100	3.15587e+06	0	0	3
731	75	0.946602892	18.275	1864017.02	1864038.35	1864017.02	1864061.82	2.13305182	11950.6981	0	100	3.15605e+06	0	0	3
732	75	0.947920933	18.3	1864061.82	1864040.48	1864017.02	1864061.82	2.13305182	11950.6981	0	100	3.15587e+06	0	0	3
733	75	0.949239461	18.325	1864017.02	1864038.35	1864017.02	1864061.82	2.13305182	11950.6981	0	100	3.15605e+06	0	0	3
734	76	0.950557503	18.35	1864061.82	1864040.48	1864017.02	1864061.82	2.13305182	11950.6981	0	100	3.15587e+06	0	0	3
735	76	0.951876031	18.375	1864017.02	1864038.35	1864017.02	1864061.82	2.13305181	11950.6981	0	100	3.15605e+06	0	0	3
736	76	0.953194073	18.4	1864061.82	1864040.48	1864017.02	1864061.82	2.13305181	11950.6981	0	100	3.15587e+06	0	0	3
737	76	0.954512601	18.425	1864017.02	1864038.35	1864017.02	1864061.82	2.13305181	11950.6981	0	100	3.15605e+06	0	0	3
738	76	0.955830643	18.45	1864061.82	1864040.48	1864017.02	1864061.82	2.13305181	11950.6981	0	100	3.15587e+06	0	0	3
739	76	0.957149171	18.475	1864017.02	1864038.35	1864017.02	1864061.82	2.13305181	11950.6981	0	100	3.15605e+06	0	0	3
740	76	0.958467213	18.5	1864061.82	1864040.48	1864017.02	1864061.82	2.13305181	11950.6981	0	100	3.15587e+06	0	0	3
741	76	0.95978574	18.525	1864017.02	1864038.35	1864017.02	1864061.82	2.1330518	11950.6981	0	100	3.15605e+06	0	0	3
742	76	0.961103782	18.55	1864061.82	1864040.48	1864017.02	1864061.82	2.1330518	11950.6981	0	100	3.15587e+06	0	0	3
743	77	0.96242231	18.575	1864017.02	1864038.35	1864017.02	1864061.82	2.1330518	11950.6981	0	100	3.15605e+06	0	0	3
744	77	0.963740352	18.6	1864061.82	1864040.48	1864017.02	1864061.82	2.1330518	11950.6981	0	100	3.15587e+06	0	0	3
745	77	0.96505888	18.625	1864017.02	1864038.35	1864017.02	1864061.82	2.13305179	11950.6981	0	100	3.15605e+06	0	0	3
746	77	0.966376922	18.65	1864061.82	1864040.48	1864017.02	1864061.82	2.13305179	11950.6981	0	100	3.15587e+06	0	0	3
747	77	0.96769545	18.675	1864017.02	1864038.35	1864017.02	1864061.82	2.13305179	11950.6981	0	100	3.15605e+06	0	0	3
748	77	0.969013492	18.7	1864061.82	1864040.48	1864017.02	1864061.82	2.13305179	11950.6981	0	100	3.15587e+06	0	0	3
749	77	0.97033202	18.725	1864017.02	1864038.35	1864017.02	1864061.82	2.13305179	11950.6981	0	100	3.15605e+06	0	0	3
750	77	0.971650061	18.75	1864061.82	1864040.48	1864017.02	1864061.82	2.13305179	11950.6981	0	100	3.15587e+06	0	0	3
751	77	0.972968589	18.775	1864017.02	1864038.35	1864017.02	1864061.82	2.13305178	11950.6981	0	100	3.15605e+06	0	0	3
752	78	0.974286631	18.8	1864061.82	1864040.48	1864017.02	1864061.82	2.13305178	11950.6981	0	100	3.15587e+06	0	0	3
753	78	0.975605159	18.825	1864017.02	1864038.35	1864017.02	1864061.82	2.13305178	11950.6981	0	100	3.15605e+06	0	0	3
754	78	0.976923201	18.85	1864061.82	1864040.48	1864017.02	1864061.82	2.13305178	11950.6981	0	100	3.15587e+06	0	0	3
755	78	0.978241729	18.875	1864017.02	1864038.35	1864017.02	1864061.82	2.13305178	11950.6981	0	100	3.15605e+06	0	0	3
756	78	0.979559771	18.9	1864061.82	1864040.48	1864017.02	1864061.82	2.13305178	11950.6981	0	100	3.15587e+06	0	0	3
757	78	0.980878299	18.925	1864017.02	1864038.35	1864017.02	1864061.82	2.13305178	11950.6981	0	100	3.15605e+06	0	0	3
758	78	0.98219634	18.95	1864061.82	1864040.48	1864017.02	1864061.82	2.13305178	11950.6981	0	100	3.15587e+06	0	0	3
759	78	0.983514868	18.975	1864017.02	1864038.35	1864017.02	1864061.82	2.13305177	11950.6981	0	100	3.15605e+06	0	0	3
760	79	0.98483291	19	1864061.82	1864040.48	1864017.02	1864061.82	2.13305177	11950.6981	0	100	3.15587e+06	0	0	3
761	79	0.986151438	19.025	1864017.02	1864038.35	1864017.02	1864061.82	2.13305177	11950.6981	0	100	3.15605e+06	0	0	3
762	79	0.98746948	19.05	1864061.82	1864040.48	1864017.02	1864061.82	2.13305177	11950.6981	0	100	3.15587e+06	0	0	3
763	79	0.988788008	19.075	1864017.02	1864038.35	1864017.02	1864061.82	2.13305177	11950.6981	0	100	3.15605e+06	0	0	3
764	79	0.99010605	19.1	1864061.82	1864040.48	1864017.02	1864061.82	2.13305177	11950.6981	0	100	3.15587e+06	0	0	3
765	79	0.991424578	19.125	1864017.02	1864038.35	1864017.02	1864061.82	2.13305177	11950.6981	0	100	3.15605e+06	0	0	3
766	79	0.99274262	19.15	1864061.82	1864040.48	1864017.02	1864061.82	2.13305177	11950.6981	0	100	3.15587e+06	0	0	3
767	79	0.994061147	19.175	1864017.02	1864038.35	1864017.02	1864061.82	2.13305177	11950.6981	0	100	3.15605e+06	0	0	3
768	79	0.995379189	19.2	1864061.82	1864040.48	1864017.02	1864061.82	2.13305177	11950.6981	0	100	3.15587e+06	0	0	3
769	80	0.996697717	19.225	1864017.02	1864038.35	1864017.02	1864061.82	2.13305176	11950.6981	0	100	3.15605e+06	0	0	3
770	80	0.998015759	19.25	1864061.82	1864040.48	1864017.02	1864061.82	2.13305176	11950.6981	0	100	3.15587e+06	0	0	3
771	80	0.999334287	19.275	1864017.02	1864038.35	1864017.02	1864061.82	2.13305176	11950.6981	0	100	3.15605e+06	0	0	3
772	80	1	19.3	1864078.96	1864040.39	1864017.02	1864078.96	2.13305176	11950.6981	0	100	3.1557e+06	0	0	3
