Iteration	CPUTime	PhysTime	Travels	Value	AvValue	MinValue	MaxValue	Delta	Criteria	Progress	dGMaxMin	CriteriaType	CriteriaVarType	CriteriaPercentage
1	0	0.000279645314	0.025	0.545263437	0.545263437	0.545263437	0.545263437	0	0	0	0	3.90291	0	0	3
2	0	0.00054667319	0.05	0.560331416	0.552623539	0.545263437	0.560331416	0.00736010195	0	0	0	3.0729	0	0	3
3	0	0.000805695405	0.075	0.689791602	0.596721563	0.545263437	0.689791602	0.051458126	0	0	0	4.86729	0	0	3
4	0	0.00105736604	0.1	0.870633651	0.661917179	0.545263437	0.870633651	0.116653742	0	0	0	6.34802	0	0	3
5	0	0.00132395021	0.125	1.06696768	0.743476175	0.545263437	1.06696768	0.198212738	0	0	0	7.84024	0	0	3
6	0	0.00191705449	0.15	1.51360267	0.981740306	0.545263437	1.51360267	0.436476868	0	0	0	11.1804	0	0	3
7	0	0.00293097299	0.175	2.26122923	1.42435697	0.545263437	2.26122923	0.879093533	0	0	0	16.7722	0	0	3
8	0	0.00384184351	0.2	2.90687354	1.77584985	0.545263437	2.90687354	1.23058641	0	0	0	21.5896	0	0	3
9	0	0.00457049208	0.225	3.40406932	2.03542798	0.545263437	3.40406932	1.49016454	0	0	0	25.3125	0	0	3
10	0	0.00519619828	0.25	3.81682566	2.24993703	0.545263437	3.81682566	1.7046736	0	0	0	28.4708	0	0	3
11	0	0.00602898841	0.275	4.33928371	2.53854056	0.545263437	4.33928371	1.99327712	0	0	0	32.5335	0	0	3
12	1	0.00675594734	0.3	4.77050275	2.77870596	0.545263437	4.77050275	2.23344253	0	0	0	35.9115	0	0	3
13	1	0.00741343304	0.325	5.14233276	2.9883323	0.545263437	5.14233276	2.44306886	0	0	0	38.8645	0	0	3
14	1	0.00802034335	0.35	5.47038458	3.17615258	0.545263437	5.47038458	2.63088914	0	0	0	41.4981	0	0	3
15	1	0.00858840123	0.375	5.76448551	3.34735126	0.545263437	5.76448551	2.80208782	0	0	0	43.9104	0	0	3
16	1	0.00939348485	0.4	6.15353517	3.58785973	0.545263437	6.15353517	3.04259629	0	0	0	47.0576	0	0	3
17	1	0.0101446453	0.425	6.49095683	3.80281961	0.545263437	6.49095683	3.25755617	0	0	0	49.7901	0	0	3
18	1	0.0108547645	0.45	6.79105279	3.99830997	0.545263437	6.79105279	3.45304653	0	0	0	52.1451	0	0	3
19	1	0.0115328118	0.475	7.06201969	4.1784343	0.545263437	7.06201969	3.63317086	0	0	0	54.3303	0	0	3
20	1	0.0121814757	0.5	7.30590526	4.34497222	0.545263437	7.30590526	3.79970879	0	0	0	56.2328	0	0	3
21	1	0.0131204142	0.525	7.61969383	4.66717511	0.560331416	7.61969383	4.11455157	0	0	0	58.6591	0	0	3
22	1	0.0140181567	0.55	7.88658767	4.96312211	0.689791602	7.88658767	4.36640055	0	0	0	60.6892	0	0	3
23	1	0.0148844193	0.575	8.12306437	5.23617436	0.870633651	8.12306437	4.57425719	0	0	0	62.4925	0	0	3
24	1	0.0157253065	0.6	8.33401163	5.48867131	1.06696768	8.33401163	4.74519513	0	0	0	64.1012	0	0	3
25	1	0.0165446196	0.625	8.52627372	5.7296268	1.51360267	8.52627372	4.74788649	0	0	0	65.5855	0	0	3
26	1	0.0177456609	0.65	8.77095292	6.11837234	2.26122923	8.77095292	4.69401537	0	0	0	67.4918	0	0	3
27	1	0.0189127862	0.675	8.97286552	6.57153618	2.90687354	8.97286552	4.79568633	0	0	0	69.0648	0	0	3
28	1	0.0200527148	0.7	9.14672702	6.9585337	3.40406932	9.14672702	4.92310573	0	0	0	70.3739	0	0	3
29	1	0.0211711007	0.725	9.29977337	7.27227911	3.81682566	9.29977337	5.02234207	0	0	0	71.5023	0	0	3
30	1	0.0222739199	0.75	9.43801154	7.53873796	4.33928371	9.43801154	5.00019741	0	0	0	72.5467	0	0	3
31	2	0.023706742	0.775	9.59005522	7.85572657	4.77050275	9.59005522	4.81955247	0	0	0	73.6982	0	0	3
32	2	0.0251178678	0.8	9.71455053	8.1207242	5.14233276	9.71455053	4.57221777	0	0	0	74.6037	0	0	3
33	2	0.0265118668	0.825	9.82100119	8.34736238	5.47038458	9.82100119	4.35061661	0	0	0	75.4478	0	0	3
34	2	0.0278904925	0.85	9.91477907	8.54398639	5.76448551	9.91477907	4.15029356	0	0	0	76.1315	0	0	3
35	2	0.0292565061	0.875	9.9983972	8.71650644	6.15353517	9.9983972	3.84486203	0	0	0	76.8243	0	0	3
36	2	0.030610396	0.9	10.0730532	8.90032306	6.49095683	10.0730532	3.58209632	0	0	0	77.3751	0	0	3
37	2	0.0319544324	0.925	10.1396758	9.05968069	6.79105279	10.1396758	3.34862304	0	0	0	77.892	0	0	3
38	2	0.0332895031	0.95	10.1981754	9.19923957	7.06201969	10.1981754	3.13615566	0	0	0	78.3559	0	0	3
39	2	0.0346166375	0.975	10.2495963	9.32240376	7.30590526	10.2495963	2.94369103	0	0	0	78.7699	0	0	3
40	2	0.0359367749	1	10.2946275	9.43149516	7.61969383	10.2946275	2.67493366	1.44072538	0	53.8	79.135	0	0	3
41	2	0.0372508069	1.025	10.3339501	9.55113783	7.88658767	10.3339501	2.44736242	1.44662377	0	59.1	79.4602	0	0	3
42	2	0.0385594708	1.05	10.3680219	9.6555888	8.12306437	10.3680219	2.24495756	1.44917916	0	64.5	79.7418	0	0	3
43	2	0.0398635211	1.075	10.3972488	9.74745481	8.33401163	10.3972488	2.06323718	1.4424502	0	69.9	79.9853	0	0	3
44	2	0.0411636118	1.1	10.4220866	9.78083037	8.33401163	10.4220866	2.088075	1.44072538	0	68.9	80.1959	0	0	3
45	2	0.0424602919	1.125	10.4427695	9.85844158	8.52627372	10.4427695	1.91649578	1.44072538	0	75.1	80.3714	0	0	3
46	2	0.0437541515	1.15	10.4599214	9.92715621	8.77095292	10.4599214	1.68896847	1.44072538	0	85.3	80.5183	0	0	3
47	2	0.045045659	1.175	10.4739152	10.0038885	8.97286552	10.4739152	1.5010497	1.44072538	0	95.9	80.6397	0	0	3
48	2	0.0463352301	1.2	10.4812792	10.0702197	9.14672702	10.4812792	1.33455219	1.44072538	0	100	80.7084	0	0	3
49	3	0.0476236746	1.225	10.4854777	10.1278075	9.29977337	10.4854777	1.18570436	1.44072538	0	100	80.7611	0	0	3
50	3	0.0489112882	1.25	10.4885432	10.1779351	9.43801154	10.4885432	1.05053161	1.44072538	0	100	80.7979	0	0	3
51	3	0.0501983252	1.275	10.4096096	10.2178348	9.59005522	10.4885432	0.898487927	1.44072538	0	100	80.9131	0	0	3
52	3	0.0514862181	1.3	10.3178153	10.25485	9.71455053	10.4885432	0.773992617	1.44072538	0	100	80.7229	0	0	3
53	3	0.0527784194	1.325	10.2809474	10.283633	9.82100119	10.4885432	0.667541962	1.44072538	0	100	80.1641	0	0	3
54	3	0.0540781865	1.35	10.2584877	10.3058421	9.91477907	10.4885432	0.573764081	1.44072538	0	100	79.7601	0	0	3
55	3	0.0553835405	1.375	10.2463012	10.3226248	9.9983972	10.4885432	0.490145949	1.44072538	0	100	79.5067	0	0	3
56	3	0.0566926683	1.4	10.24165	10.334904	10.0730532	10.4885432	0.41549	1.44072538	0	100	79.3477	0	0	3
57	3	0.0580040409	1.425	10.2425221	10.3434231	10.1396758	10.4885432	0.348867322	1.44072538	0	100	79.3343	0	0	3
58	3	0.0593156515	1.45	10.2408999	10.348517	10.1981754	10.4885432	0.2903678	1.44072538	0	100	79.2948	0	0	3
59	3	0.0606276557	1.475	10.2379726	10.3505537	10.2379726	10.4885432	0.25057052	1.44072538	0	100	79.2971	0	0	3
60	3	0.0619395412	1.5	10.234311	10.3498762	10.234311	10.4885432	0.254232165	1.44072538	0	100	79.3605	0	0	3
61	3	0.0632505764	1.525	10.2220547	10.3464112	10.2220547	10.4885432	0.266488482	1.44072538	0	100	79.1989	0	0	3
62	3	0.0645645886	1.55	10.2105833	10.3404762	10.2105833	10.4885432	0.277959884	1.44072538	0	100	79.0993	0	0	3
63	4	0.0658806713	1.575	10.200925	10.3324345	10.200925	10.4885432	0.287618144	1.44072538	0	100	78.9537	0	0	3
64	4	0.0671990536	1.6	10.1937961	10.3226561	10.1937961	10.4885432	0.294747003	1.44072538	0	100	78.8884	0	0	3
65	4	0.0685187045	1.625	10.1887025	10.3114684	10.1887025	10.4885432	0.299840652	1.44072538	0	100	78.7634	0	0	3
66	4	0.0698401806	1.65	10.1853508	10.2991631	10.1853508	10.4885432	0.303192361	1.44072538	0	100	78.7412	0	0	3
67	4	0.0711621427	1.675	10.1841683	10.2860276	10.1841683	10.4885432	0.304374883	1.44072538	0	100	78.6681	0	0	3
68	4	0.0724850448	1.7	10.1835036	10.2722413	10.1835036	10.4885432	0.280334098	1.44072538	0	100	78.6766	0	0	3
69	4	0.0738079345	1.725	10.1834886	10.2581554	10.1834886	10.4885432	0.222746233	1.44072538	0	100	78.6385	0	0	3
70	4	0.0751312473	1.75	10.1839952	10.24394	10.1834886	10.4885432	0.172618606	1.44072538	0	100	78.6708	0	0	3
71	4	0.07645419	1.775	10.1849974	10.2296738	10.1834886	10.4096096	0.132718901	1.44072538	0	100	78.642	0	0	3
72	4	0.0777773979	1.8	10.1862387	10.2191928	10.1834886	10.3178153	0.131360956	1.44072538	0	100	78.6827	0	0	3
73	4	0.0791001057	1.825	10.1877164	10.2130854	10.1834886	10.2809474	0.097458787	1.44072538	0	100	78.659	0	0	3
74	4	0.0804230008	1.85	10.1891978	10.2087702	10.1834886	10.2584877	0.0749991302	1.44072538	0	100	78.7033	0	0	3
75	4	0.0817453482	1.875	10.1899853	10.2055367	10.1834886	10.2463012	0.0628125788	1.44072538	0	100	78.6793	0	0	3
76	5	0.0830679069	1.9	10.1909228	10.2029164	10.1834886	10.2425221	0.0590334409	1.44072538	0	100	78.7328	0	0	3
77	5	0.0843897883	1.925	10.1920318	10.2005662	10.1834886	10.2425221	0.0590334409	1.44072538	0	100	78.7003	0	0	3
78	5	0.0857119962	1.95	10.1931721	10.1982276	10.1834886	10.2408999	0.0574113213	1.44072538	0	100	78.7436	0	0	3
79	5	0.0870336599	1.975	10.19628	10.1961155	10.1834886	10.2379726	0.0544840201	1.44072538	0	100	78.7226	0	0	3
80	5	0.0883554462	2	10.19683	10.194169	10.1834886	10.234311	0.0508223751	1.44072538	0	100	78.7465	0	0	3
81	5	0.0896769994	2.025	10.1972696	10.1924182	10.1834886	10.2220547	0.0385660576	1.44072538	0	100	78.7386	0	0	3
82	5	0.090998512	2.05	10.1995947	10.1913597	10.1834886	10.2105833	0.0270946558	1.44072538	0	100	78.7757	0	0	3
83	5	0.092319574	2.075	10.1992285	10.1908241	10.1834886	10.200925	0.0174363957	1.44072538	0	100	78.743	0	0	3
84	5	0.0936410438	2.1	10.1989817	10.1907336	10.1834886	10.1995947	0.0161060917	1.44072538	0	100	78.7879	0	0	3
85	5	0.0949619462	2.125	10.2008025	10.1910672	10.1834886	10.2008025	0.0173138915	1.44072538	0	100	78.7647	0	0	3
86	5	0.0962830535	2.15	10.2012507	10.1916641	10.1834886	10.2012507	0.0177621082	1.44072538	0	100	78.7857	0	0	3
87	5	0.0976039724	2.175	10.2009695	10.1924074	10.1834886	10.2012507	0.0177621082	1.44072538	0	100	78.7788	0	0	3
88	5	0.0989248899	2.2	10.2026204	10.1932856	10.1834886	10.2026204	0.0191317883	1.44072538	0	100	78.8121	0	0	3
89	5	0.100245409	2.225	10.2031774	10.1942223	10.1834886	10.2031774	0.0196887491	1.44072538	0	100	78.782	0	0	3
90	5	0.101566243	2.25	10.2030101	10.195152	10.1839952	10.2031774	0.0191822061	1.44072538	0	100	78.832	0	0	3
91	5	0.102886472	2.275	10.2048346	10.1961445	10.1849974	10.2048346	0.019837267	1.44072538	0	100	78.8085	0	0	3
92	6	0.104206891	2.3	10.2066236	10.1971744	10.1862387	10.2066236	0.02038495	1.44072538	0	100	78.8308	0	0	3
93	6	0.105527051	2.325	10.2081216	10.1982167	10.1877164	10.2081216	0.0204052098	1.44072538	0	100	78.8236	0	0	3
94	6	0.106847164	2.35	10.2114899	10.1993487	10.1891978	10.2114899	0.0180366059	1.44072538	0	100	78.8634	0	0	3
95	6	0.108166744	2.375	10.2134608	10.200504	10.1899853	10.2134608	0.0148031214	1.44072538	0	100	78.8438	0	0	3
96	6	0.10948645	2.4	10.2140432	10.2016495	10.1909228	10.2140432	0.0121828748	1.44072538	0	100	78.904	0	0	3
97	6	0.110805391	2.425	10.2163066	10.2028579	10.1920318	10.2163066	0.0121243348	1.44072538	0	100	78.8874	0	0	3
98	6	0.11212443	2.45	10.2172527	10.2040585	10.1931721	10.2172527	0.0133249362	1.44072538	0	100	78.8717	0	0	3
99	6	0.113443701	2.475	10.2171776	10.2052017	10.19628	10.2172527	0.0144680971	1.44072538	0	100	78.931	0	0	3
100	6	0.114762196	2.5	10.2179095	10.2062312	10.19683	10.2179095	0.0154976004	1.44072538	0	100	78.9032	0	0	3
101	6	0.116080978	2.525	10.2184816	10.2072621	10.1972696	10.2184816	0.0165284907	1.44072538	0	100	78.9328	0	0	3
102	6	0.117399451	2.55	10.2190256	10.2082979	10.1989817	10.2190256	0.0175643096	1.44072538	0	100	78.9056	0	0	3
103	6	0.118718212	2.575	10.2195278	10.2092471	10.1989817	10.2195278	0.01851349	1.44072538	0	100	78.9405	0	0	3
104	6	0.120036592	2.6	10.2201345	10.2102424	10.1989817	10.2201345	0.0195088655	1.44072538	0	100	78.9111	0	0	3
105	6	0.121355279	2.625	10.2207286	10.2112783	10.2008025	10.2207286	0.0199260918	1.44072538	0	100	78.9459	0	0	3
106	6	0.122673569	2.65	10.2204202	10.2122126	10.2009695	10.2207286	0.0197591161	1.44072538	0	100	78.9146	0	0	3
107	7	0.123992202	2.675	10.2203301	10.2131215	10.2009695	10.2207286	0.0197591161	1.44072538	0	100	78.9585	0	0	3
108	7	0.125310308	2.7	10.2202553	10.2140402	10.2026204	10.2207286	0.018108195	1.44072538	0	100	78.9201	0	0	3
109	7	0.126628842	2.725	10.2203546	10.2148852	10.2030101	10.2207286	0.0177184955	1.44072538	0	100	78.9562	0	0	3
110	7	0.127946953	2.75	10.2202768	10.2156999	10.2030101	10.2207286	0.0177184955	1.44072538	0	100	78.9173	0	0	3
111	7	0.129265513	2.775	10.2204506	10.2165312	10.2048346	10.2207286	0.0158939562	1.44072538	0	100	78.9564	0	0	3
112	7	0.130583608	2.8	10.220377	10.2172717	10.2066236	10.2207286	0.0141049465	1.44072538	0	100	78.9158	0	0	3
113	7	0.131902189	2.825	10.2206252	10.217939	10.2081216	10.2207286	0.0126070335	1.44072538	0	100	78.9575	0	0	3
114	7	0.133220275	2.85	10.2205339	10.2185306	10.2114899	10.2207286	0.00923872552	1.44072538	0	100	78.9176	0	0	3
115	7	0.134538842	2.875	10.2207573	10.2189722	10.2134608	10.2207573	0.00729647208	1.44072538	0	100	78.9605	0	0	3
116	7	0.135856901	2.9	10.2206594	10.2193152	10.2140432	10.2207573	0.00671408467	1.44072538	0	100	78.9216	0	0	3
117	7	0.137175423	2.925	10.220861	10.2196401	10.2163066	10.220861	0.00455441141	1.44072538	0	100	78.9642	0	0	3
118	7	0.138493438	2.95	10.2207361	10.219851	10.2171776	10.220861	0.00368338374	1.44072538	0	100	78.9247	0	0	3
119	7	0.139811919	2.975	10.2209063	10.2200251	10.2171776	10.2209063	0.00372869962	1.44072538	0	100	78.9665	0	0	3
120	7	0.141129901	3	10.2207486	10.2201952	10.2179095	10.2209063	0.00299686375	1.44072538	0	100	78.926	0	0	3
121	7	0.142448363	3.025	10.2208892	10.2203371	10.2184816	10.2209063	0.00242473449	1.44072538	0	100	78.9669	0	0	3
122	7	0.143766335	3.05	10.2207073	10.2204431	10.2190256	10.2209063	0.00188071662	1.44072538	0	100	78.9257	0	0	3
123	8	0.145084797	3.075	10.2208286	10.220529	10.2195278	10.2209063	0.00137847748	1.44072538	0	100	78.9661	0	0	3
124	12	0.146402776	3.1	10.2206335	10.2205816	10.2201345	10.2209063	0.000771861607	1.44072538	0	100	78.9246	0	0	3
125	12	0.14772125	3.125	10.220745	10.2206107	10.2202553	10.2209063	0.000651017782	1.44072538	0	100	78.965	0	0	3
126	13	0.149039243	3.15	10.220545	10.220602	10.2202553	10.2209063	0.000651017782	1.44072538	0	100	78.9235	0	0	3
127	13	0.150357733	3.175	10.2206533	10.2206131	10.2202553	10.2209063	0.000651017782	1.44072538	0	100	78.9638	0	0	3
128	13	0.151675742	3.2	10.2204539	10.220619	10.2202553	10.2209063	0.000651017782	1.44072538	0	100	78.9224	0	0	3
129	13	0.152994247	3.225	10.2205632	10.2206336	10.2202768	10.2209063	0.000629558651	1.44072538	0	100	78.9628	0	0	3
130	13	0.154312271	3.25	10.2203673	10.2206342	10.2202768	10.2209063	0.000629558651	1.44072538	0	100	78.9215	0	0	3
131	13	0.15563079	3.275	10.22048	10.2206439	10.2203673	10.2209063	0.000539016285	1.44072538	0	100	78.962	0	0	3
132	13	0.156948827	3.3	10.2202894	10.2206362	10.2202894	10.2209063	0.000616895186	1.44072538	0	100	78.9208	0	0	3
133	13	0.158267357	3.325	10.2204073	10.2206377	10.2202894	10.2209063	0.000616895186	1.44072538	0	100	78.9614	0	0	3
134	13	0.159585405	3.35	10.2202229	10.2206185	10.2202229	10.2209063	0.000683443742	1.44072538	0	100	78.9202	0	0	3
135	13	0.160903944	3.375	10.2203464	10.2206096	10.2202229	10.2209063	0.000683443742	1.44072538	0	100	78.9608	0	0	3
136	13	0.162222	3.4	10.2201687	10.2205816	10.2201687	10.2209063	0.000737635139	1.44072538	0	100	78.9197	0	0	3
137	13	0.163540546	3.425	10.220298	10.2205643	10.2201687	10.2209063	0.000737635139	1.44072538	0	100	78.9605	0	0	3
138	13	0.164858608	3.45	10.2201269	10.2205294	10.2201269	10.2209063	0.000779450709	1.44072538	0	100	78.9194	0	0	3
139	13	0.16617716	3.475	10.220262	10.2205068	10.2201269	10.2209063	0.00061884625	1.44072538	0	100	78.9602	0	0	3
140	13	0.167495227	3.5	10.220097	10.2204683	10.220097	10.2208892	0.000448719656	1.44072538	0	100	78.9192	0	0	3
141	14	0.168813783	3.525	10.2202375	10.2204439	10.220097	10.2208892	0.000306814336	1.44072538	0	100	78.96	0	0	3
142	14	0.170131853	3.55	10.2200781	10.2204053	10.2200781	10.2208286	0.000238598882	1.44072538	0	100	78.919	0	0	3
143	14	0.171450411	3.575	10.2202234	10.2203823	10.2200781	10.2208286	0.000261640961	1.44072538	0	100	78.9598	0	0	3
144	14	0.172768483	3.6	10.2200689	10.2203461	10.2200689	10.220745	0.000297819024	1.44072538	0	100	78.9189	0	0	3
145	14	0.174087043	3.625	10.2202182	10.2203263	10.2200689	10.220745	0.000317591328	1.44072538	0	100	78.9598	0	0	3
146	14	0.175405116	3.65	10.2200677	10.2202941	10.2200677	10.2206533	0.00034984162	1.44072538	0	100	78.9189	0	0	3
147	14	0.176723676	3.675	10.2202203	10.2202786	10.2200677	10.2206533	0.000365298817	1.44072538	0	100	78.9598	0	0	3
148	14	0.178041748	3.7	10.2200731	10.220251	10.2200677	10.2205632	0.000392930774	1.44072538	0	100	78.9189	0	0	3
149	14	0.179360307	3.725	10.2202281	10.2202402	10.2200677	10.2205632	0.0004036797	1.44072538	0	100	78.9598	0	0	3
150	14	0.180678379	3.75	10.2200833	10.2202174	10.2200677	10.22048	0.000412321611	1.44072538	0	100	78.919	0	0	3
151	14	0.181996937	3.775	10.2202402	10.2202113	10.2200677	10.22048	0.000412321611	1.44072538	0	100	78.9599	0	0	3
152	14	0.183315008	3.8	10.2200971	10.2201931	10.2200677	10.2204073	0.00033953506	1.44072538	0	100	78.9191	0	0	3
153	14	0.184633564	3.825	10.220255	10.2201915	10.2200677	10.2204073	0.00033953506	1.44072538	0	100	78.96	0	0	3
154	14	0.185951632	3.85	10.2201131	10.2201774	10.2200677	10.2203464	0.000278630068	1.44072538	0	100	78.9192	0	0	3
155	15	0.187270187	3.875	10.2202716	10.2201798	10.2200677	10.2203464	0.000278630068	1.44072538	0	100	78.9601	0	0	3
156	15	0.188588253	3.9	10.2201302	10.2201695	10.2200677	10.220298	0.000230314943	1.44072538	0	100	78.9193	0	0	3
157	15	0.189906805	3.925	10.2202888	10.2201752	10.2200677	10.220298	0.000230314943	1.44072538	0	100	78.9602	0	0	3
158	15	0.19122487	3.95	10.2201475	10.220168	10.2200677	10.2202888	0.000221052555	1.44072538	0	100	78.9194	0	0	3
159	15	0.192543419	3.975	10.2203058	10.2201765	10.2200677	10.2203058	0.000238128145	1.44072538	0	100	78.9604	0	0	3
160	15	0.193861481	4	10.2201644	10.2201719	10.2200677	10.2203058	0.000238128145	1.44072538	0	100	78.9196	0	0	3
161	15	0.195180029	4.025	10.2203222	10.2201826	10.2200677	10.2203222	0.000254515191	1.44072538	0	100	78.9605	0	0	3
162	15	0.196498089	4.05	10.2201804	10.2201799	10.2200677	10.2203222	0.000237290134	1.44072538	0	100	78.9197	0	0	3
163	15	0.197816634	4.075	10.2203375	10.2201923	10.2200677	10.2203375	0.000214248055	1.44072538	0	100	78.9606	0	0	3
164	15	0.199134692	4.1	10.2201951	10.2201909	10.2200677	10.2203375	0.000178069991	1.44072538	0	100	78.9198	0	0	3
165	15	0.200453235	4.125	10.2203514	10.2202037	10.2200677	10.2203514	0.000126047396	1.44072538	0	100	78.9607	0	0	3
166	15	0.201771291	4.15	10.2202084	10.2202107	10.2200731	10.2203514	0.000110590199	1.44072538	0	100	78.9199	0	0	3
167	15	0.203089833	4.175	10.2203638	10.2202179	10.2200731	10.2203638	8.29582418e-05	1.44072538	0	100	78.9608	0	0	3
168	15	0.204407887	4.2	10.2202201	10.2202252	10.2200833	10.2203638	7.22093154e-05	1.44072538	0	100	78.92	0	0	3
169	16	0.205726427	4.225	10.2203747	10.2202326	10.2200833	10.2203747	6.45431118e-05	1.44072538	0	100	78.9609	0	0	3
170	16	0.20704448	4.25	10.2202303	10.2202399	10.2200971	10.2203747	7.18875115e-05	1.44072538	0	100	78.9201	0	0	3
171	16	0.208363018	4.275	10.220384	10.2202471	10.2200971	10.220384	7.90809755e-05	1.44072538	0	100	78.961	0	0	3
172	16	0.20968107	4.3	10.2202389	10.2202542	10.2201131	10.220384	8.61692613e-05	1.44072538	0	100	78.9202	0	0	3
173	16	0.210999607	4.325	10.2203919	10.220261	10.2201131	10.2203919	9.30123918e-05	1.44072538	0	100	78.961	0	0	3
174	16	0.212317658	4.35	10.2202461	10.2202677	10.2201302	10.2203919	9.96638721e-05	1.44072538	0	100	78.9202	0	0	3
175	16	0.213636194	4.375	10.2203984	10.220274	10.2201302	10.2203984	0.000106006953	1.44072538	0	100	78.9611	0	0	3
176	16	0.214954244	4.4	10.2202521	10.2202801	10.2201475	10.2203984	0.000112101454	1.44072538	0	100	78.9203	0	0	3
177	16	0.21627278	4.425	10.2204038	10.2202859	10.2201475	10.2204038	0.000117852418	1.44072538	0	100	78.9611	0	0	3
178	16	0.217590828	4.45	10.220257	10.2202913	10.2201644	10.2204038	0.000119445768	1.44072538	0	100	78.9203	0	0	3
179	16	0.218909363	4.475	10.2204081	10.2202965	10.2201644	10.2204081	0.000124559227	1.44072538	0	100	78.9611	0	0	3
180	16	0.220227412	4.5	10.2202609	10.2203013	10.2201804	10.2204081	0.000121374364	1.44072538	0	100	78.9203	0	0	3
181	16	0.221545946	4.525	10.2204116	10.2203057	10.2201804	10.2204116	0.000125841402	1.44072538	0	100	78.9612	0	0	3
182	16	0.222863994	4.55	10.220264	10.2203099	10.2201951	10.2204116	0.000119013598	1.44072538	0	100	78.9203	0	0	3
183	17	0.224182528	4.575	10.2204143	10.2203138	10.2201951	10.2204143	0.000122853705	1.44072538	0	100	78.9612	0	0	3
184	17	0.225500576	4.6	10.2202665	10.2203173	10.2202084	10.2204143	0.000113656779	1.44072538	0	100	78.9204	0	0	3
185	17	0.226819109	4.625	10.2204165	10.2203206	10.2202084	10.2204165	0.000109877162	1.44072538	0	100	78.9612	0	0	3
186	17	0.228137156	4.65	10.2202685	10.2203236	10.2202201	10.2204165	0.0001057018	1.44072538	0	100	78.9204	0	0	3
187	17	0.22945569	4.675	10.2204182	10.2203263	10.2202201	10.2204182	0.000101071367	1.44072538	0	100	78.9612	0	0	3
188	17	0.230773737	4.7	10.2202701	10.2203288	10.2202303	10.2204182	9.6240018e-05	1.44072538	0	100	78.9204	0	0	3
189	17	0.23209227	4.725	10.2204197	10.2203311	10.2202303	10.2204197	9.11455336e-05	1.44072538	0	100	78.9612	0	0	3
190	17	0.233410317	4.75	10.2202714	10.2203331	10.2202389	10.2204197	8.6009888e-05	1.44072538	0	100	78.9204	0	0	3
191	17	0.23472885	4.775	10.2204209	10.220335	10.2202389	10.2204209	8.07667006e-05	1.44072538	0	100	78.9612	0	0	3
192	17	0.236046897	4.8	10.2202726	10.2203366	10.2202461	10.2204209	7.56078273e-05	1.44072538	0	100	78.9204	0	0	3
193	17	0.23736543	4.825	10.220422	10.2203381	10.2202461	10.220422	7.0462495e-05	1.44072538	0	100	78.9612	0	0	3
194	17	0.238683476	4.85	10.2202736	10.2203395	10.2202521	10.220422	6.54951159e-05	1.44072538	0	100	78.9204	0	0	3
195	17	0.240002009	4.875	10.220423	10.2203408	10.2202521	10.220423	6.06309894e-05	1.44072538	0	100	78.9612	0	0	3
196	18	0.241320056	4.9	10.2202747	10.2203419	10.220257	10.220423	5.60083906e-05	1.44072538	0	100	78.9204	0	0	3
197	18	0.242638588	4.925	10.220424	10.2203429	10.220257	10.220424	5.15509466e-05	1.44072538	0	100	78.9612	0	0	3
198	18	0.243956635	4.95	10.2202757	10.2203438	10.2202609	10.220424	4.73743143e-05	1.44072538	0	100	78.9204	0	0	3
199	18	0.245275168	4.975	10.2204251	10.2203447	10.2202609	10.2204251	4.34016979e-05	1.44072538	0	100	78.9612	0	0	3
200	18	0.246593214	5	10.2202768	10.2203455	10.220264	10.2204251	3.9729298e-05	1.44072538	0	100	78.9204	0	0	3
201	18	0.247911746	5.025	10.2204261	10.2203462	10.220264	10.2204261	3.62806139e-05	1.44072538	0	100	78.9612	0	0	3
202	18	0.249229793	5.05	10.2202779	10.2203469	10.2202665	10.2204261	3.31353409e-05	1.44072538	0	100	78.9204	0	0	3
203	18	0.250548325	5.075	10.2204273	10.2203475	10.2202665	10.2204273	3.02182159e-05	1.44072538	0	100	78.9612	0	0	3
204	18	0.251866371	5.1	10.2202791	10.2203482	10.2202685	10.2204273	2.75952059e-05	1.44072538	0	100	78.9204	0	0	3
205	18	0.253184903	5.125	10.2204285	10.2203488	10.2202685	10.2204285	2.51932185e-05	1.44072538	0	100	78.9613	0	0	3
206	18	0.254502949	5.15	10.2202804	10.2203494	10.2202701	10.2204285	2.3066907e-05	1.44072538	0	100	78.9204	0	0	3
207	18	0.255821481	5.175	10.2204298	10.2203499	10.2202701	10.2204298	2.11461221e-05	1.44072538	0	100	78.9613	0	0	3
208	18	0.257139527	5.2	10.2202817	10.2203505	10.2202714	10.2204298	1.94762933e-05	1.44072538	0	100	78.9204	0	0	3
209	18	0.258458059	5.225	10.2204311	10.2203511	10.2202714	10.2204311	1.79908296e-05	1.44072538	0	100	78.9613	0	0	3
210	19	0.259776105	5.25	10.2202831	10.2203517	10.2202726	10.2204311	1.67277431e-05	1.44072538	0	100	78.9204	0	0	3
211	19	0.261094637	5.275	10.2204325	10.2203523	10.2202726	10.2204325	1.56244703e-05	1.44072538	0	100	78.9613	0	0	3
212	19	0.262412682	5.3	10.2202845	10.2203529	10.2202736	10.2204325	1.47131462e-05	1.44072538	0	100	78.9205	0	0	3
213	19	0.263731214	5.325	10.220434	10.2203535	10.2202736	10.220434	1.3935561e-05	1.44072538	0	100	78.9613	0	0	3
214	19	0.265049259	5.35	10.2202859	10.2203541	10.2202747	10.220434	1.33192613e-05	1.44072538	0	100	78.9205	0	0	3
215	19	0.26636779	5.375	10.2204354	10.2203547	10.2202747	10.2204354	1.28105821e-05	1.44072538	0	100	78.9613	0	0	3
216	19	0.267685836	5.4	10.2202874	10.2203553	10.2202757	10.2204354	1.24335384e-05	1.44072538	0	100	78.9205	0	0	3
217	19	0.269004367	5.425	10.2204369	10.220356	10.2202757	10.2204369	1.21390791e-05	1.44072538	0	100	78.9613	0	0	3
218	19	0.270322412	5.45	10.2202889	10.2203566	10.2202768	10.2204369	1.19485376e-05	1.44072538	0	100	78.9205	0	0	3
219	19	0.271640943	5.475	10.2204383	10.2203573	10.2202768	10.2204383	1.18174401e-05	1.44072538	0	100	78.9613	0	0	3
220	19	0.272958988	5.5	10.2202903	10.220358	10.2202779	10.2204383	1.17651059e-05	1.44072538	0	100	78.9205	0	0	3
221	19	0.274277519	5.525	10.2204398	10.2203586	10.2202779	10.2204398	1.17515163e-05	1.44072538	0	100	78.9613	0	0	3
222	19	0.275595563	5.55	10.2202917	10.2203593	10.2202791	10.2204398	1.1794487e-05	1.44072538	0	100	78.9205	0	0	3
223	20	0.276914094	5.575	10.2204412	10.22036	10.2202791	10.2204412	1.18582625e-05	1.44072538	0	100	78.9613	0	0	3
224	20	0.278232138	5.6	10.2202931	10.2203607	10.2202804	10.2204412	1.19595336e-05	1.44072538	0	100	78.9205	0	0	3
225	20	0.279550669	5.625	10.2204425	10.2203614	10.2202804	10.2204425	1.2066564e-05	1.44072538	0	100	78.9613	0	0	3
226	20	0.280868713	5.65	10.2202945	10.2203621	10.2202817	10.2204425	1.2195189e-05	1.44072538	0	100	78.9205	0	0	3
227	20	0.282187243	5.675	10.2204438	10.2203628	10.2202817	10.2204438	1.231741e-05	1.44072538	0	100	78.9614	0	0	3
228	20	0.283505288	5.7	10.2202957	10.2203635	10.2202831	10.2204438	1.24483884e-05	1.44072538	0	100	78.9205	0	0	3
229	20	0.284823818	5.725	10.2204451	10.2203642	10.2202831	10.2204451	1.25635584e-05	1.44072538	0	100	78.9614	0	0	3
230	20	0.286141862	5.75	10.220297	10.2203649	10.2202845	10.2204451	1.26775201e-05	1.44072538	0	100	78.9205	0	0	3
231	20	0.287460392	5.775	10.2204462	10.2203656	10.2202845	10.2204462	1.27688236e-05	1.44072538	0	100	78.9614	0	0	3
232	20	0.288778435	5.8	10.2202981	10.2203663	10.2202859	10.2204462	1.28515678e-05	1.44072538	0	100	78.9206	0	0	3
233	20	0.290096965	5.825	10.2204473	10.220367	10.2202859	10.2204473	1.29071e-05	1.44072538	0	100	78.9614	0	0	3
234	20	0.291415009	5.85	10.2202992	10.2203676	10.2202874	10.2204473	1.29490401e-05	1.44072538	0	100	78.9206	0	0	3
235	20	0.292733539	5.875	10.2204484	10.2203683	10.2202874	10.2204484	1.29612191e-05	1.44072538	0	100	78.9614	0	0	3
236	20	0.294051582	5.9	10.2203002	10.2203689	10.2202889	10.2204484	1.2956774e-05	1.44072538	0	100	78.9206	0	0	3
237	21	0.295370112	5.925	10.2204493	10.2203695	10.2202889	10.2204493	1.29217187e-05	1.44072538	0	100	78.9614	0	0	3
238	21	0.296688155	5.95	10.2203011	10.2203702	10.2202903	10.2204493	1.28686861e-05	1.44072538	0	100	78.9206	0	0	3
239	21	0.298006685	5.975	10.2204502	10.2203708	10.2202903	10.2204502	1.27855893e-05	1.44072538	0	100	78.9614	0	0	3
240	21	0.299324728	6	10.2203019	10.2203713	10.2202917	10.2204502	1.26845274e-05	1.44072538	0	100	78.9206	0	0	3
241	21	0.300643257	6.025	10.220451	10.2203719	10.2202917	10.220451	1.25550487e-05	1.44072538	0	100	78.9614	0	0	3
242	21	0.3019613	6.05	10.2203027	10.2203724	10.2202931	10.220451	1.24086857e-05	1.44072538	0	100	78.9206	0	0	3
243	21	0.30327983	6.075	10.2204518	10.220373	10.2202931	10.2204518	1.22363807e-05	1.44072538	0	100	78.9614	0	0	3
244	21	0.304597873	6.1	10.2203034	10.2203735	10.2202945	10.2204518	1.20490683e-05	1.44072538	0	100	78.9206	0	0	3
245	21	0.305916402	6.125	10.2204524	10.220374	10.2202945	10.2204524	1.18388672e-05	1.44072538	0	100	78.9614	0	0	3
246	21	0.307234445	6.15	10.2203041	10.2203745	10.2202957	10.2204524	1.16160872e-05	1.44072538	0	100	78.9206	0	0	3
247	21	0.308552974	6.175	10.2204531	10.2203749	10.2202957	10.2204531	1.13738298e-05	1.44072538	0	100	78.9614	0	0	3
248	21	0.309871017	6.2	10.2203047	10.2203754	10.220297	10.2204531	1.11217598e-05	1.44072538	0	100	78.9206	0	0	3
249	21	0.311189546	6.225	10.2204536	10.2203758	10.220297	10.2204536	1.0853792e-05	1.44072538	0	100	78.9614	0	0	3
250	21	0.312507588	6.25	10.2203052	10.2203762	10.2202981	10.2204536	1.05789338e-05	1.44072538	0	100	78.9206	0	0	3
251	22	0.313826117	6.275	10.2204541	10.2203766	10.2202981	10.2204541	1.02917662e-05	1.44072538	0	100	78.9614	0	0	3
252	22	0.31514416	6.3	10.2203057	10.220377	10.2202992	10.2204541	1.00006354e-05	1.44072538	0	100	78.9206	0	0	3
253	22	0.316462689	6.325	10.2204546	10.2203773	10.2202992	10.2204546	9.70066357e-06	1.44072538	0	100	78.9614	0	0	3
254	22	0.317780732	6.35	10.2203061	10.2203777	10.2203002	10.2204546	9.39954026e-06	1.44072538	0	100	78.9206	0	0	3
255	22	0.31909926	6.375	10.220455	10.220378	10.2203002	10.220455	9.0928236e-06	1.44072538	0	100	78.9614	0	0	3
256	22	0.320417303	6.4	10.2203065	10.2203783	10.2203011	10.220455	8.78755893e-06	1.44072538	0	100	78.9206	0	0	3
257	22	0.321735832	6.425	10.2204554	10.2203786	10.2203011	10.2204554	8.4796539e-06	1.44072538	0	100	78.9614	0	0	3
258	22	0.323053874	6.45	10.2203069	10.2203789	10.2203019	10.2204554	8.17552919e-06	1.44072538	0	100	78.9206	0	0	3
259	22	0.324372403	6.475	10.2204557	10.2203792	10.2203019	10.2204557	7.87137203e-06	1.44072538	0	100	78.9614	0	0	3
260	22	0.325690445	6.5	10.2203072	10.2203795	10.2203027	10.2204557	7.57300429e-06	1.44072538	0	100	78.9206	0	0	3
261	22	0.327008974	6.525	10.2204561	10.2203797	10.2203027	10.2204561	7.27683757e-06	1.44072538	0	100	78.9615	0	0	3
262	22	0.328327017	6.55	10.2203075	10.22038	10.2203034	10.2204561	6.98812592e-06	1.44072538	0	100	78.9206	0	0	3
263	22	0.329645545	6.575	10.2204563	10.2203802	10.2203034	10.2204563	6.70346297e-06	1.44072538	0	100	78.9615	0	0	3
264	22	0.330963588	6.6	10.2203078	10.2203804	10.2203041	10.2204563	6.42757001e-06	1.44072538	0	100	78.9206	0	0	3
265	23	0.332282116	6.625	10.2204566	10.2203806	10.2203041	10.2204566	6.15719128e-06	1.44072538	0	100	78.9615	0	0	3
266	23	0.333600159	6.65	10.2203081	10.2203808	10.2203047	10.2204566	5.89627645e-06	1.44072538	0	100	78.9206	0	0	3
267	23	0.334918687	6.675	10.2204569	10.220381	10.2203047	10.2204569	5.64197691e-06	1.44072538	0	100	78.9615	0	0	3
268	23	0.336236729	6.7	10.2203083	10.2203812	10.2203052	10.2204569	5.39777314e-06	1.44072538	0	100	78.9206	0	0	3
269	23	0.337555258	6.725	10.2204571	10.2203814	10.2203052	10.2204571	5.16091675e-06	1.44072538	0	100	78.9615	0	0	3
270	23	0.3388733	6.75	10.2203085	10.2203815	10.2203057	10.2204571	4.93446326e-06	1.44072538	0	100	78.9206	0	0	3
271	23	0.340191829	6.775	10.2204573	10.2203817	10.2203057	10.2204573	4.71577648e-06	1.44072538	0	100	78.9615	0	0	3
272	23	0.341509871	6.8	10.2203087	10.2203818	10.2203061	10.2204573	4.50754935e-06	1.44072538	0	100	78.9206	0	0	3
273	23	0.342828399	6.825	10.2204575	10.220382	10.2203061	10.2204575	4.30725829e-06	1.44072538	0	100	78.9615	0	0	3
274	23	0.344146442	6.85	10.2203089	10.2203821	10.2203065	10.2204575	4.11726887e-06	1.44072538	0	100	78.9206	0	0	3
275	23	0.34546497	6.875	10.2204577	10.2203823	10.2203065	10.2204577	3.93516294e-06	1.44072538	0	100	78.9615	0	0	3
276	23	0.346783012	6.9	10.2203091	10.2203824	10.2203069	10.2204577	3.76301314e-06	1.44072538	0	100	78.9206	0	0	3
277	23	0.348101541	6.925	10.2204579	10.2203825	10.2203069	10.2204579	3.59850646e-06	1.44072538	0	100	78.9615	0	0	3
278	24	0.349419583	6.95	10.2203093	10.2203826	10.2203072	10.2204579	3.44345852e-06	1.44072538	0	100	78.9206	0	0	3
279	24	0.350738111	6.975	10.2204581	10.2203828	10.2203072	10.2204581	3.29566417e-06	1.44072538	0	100	78.9615	0	0	3
280	24	0.352056153	7	10.2203095	10.2203829	10.2203075	10.2204581	3.15671528e-06	1.44072538	0	100	78.9206	0	0	3
281	24	0.353374682	7.025	10.2204582	10.220383	10.2203075	10.2204582	3.02451769e-06	1.44072538	0	100	78.9615	0	0	3
282	24	0.354692724	7.05	10.2203096	10.2203831	10.2203078	10.2204582	2.9004697e-06	1.44072538	0	100	78.9206	0	0	3
283	24	0.356011252	7.075	10.2204584	10.2203832	10.2203078	10.2204584	2.78259156e-06	1.44072538	0	100	78.9615	0	0	3
284	24	0.357329294	7.1	10.2203098	10.2203833	10.2203081	10.2204584	2.67211548e-06	1.44072538	0	100	78.9206	0	0	3
285	24	0.358647823	7.125	10.2204585	10.2203834	10.2203081	10.2204585	2.56745624e-06	1.44072538	0	100	78.9615	0	0	3
286	24	0.359965865	7.15	10.2203099	10.2203835	10.2203083	10.2204585	2.46970291e-06	1.44072538	0	100	78.9206	0	0	3
287	24	0.361284393	7.175	10.2204587	10.2203836	10.2203083	10.2204587	2.37712625e-06	1.44072538	0	100	78.9615	0	0	3
288	24	0.362602435	7.2	10.2203101	10.2203837	10.2203085	10.2204587	2.2907238e-06	1.44072538	0	100	78.9206	0	0	3
289	24	0.363920963	7.225	10.2204588	10.2203837	10.2203085	10.2204588	2.20891277e-06	1.44072538	0	100	78.9615	0	0	3
290	24	0.365239006	7.25	10.2203102	10.2203838	10.2203087	10.2204588	2.1325941e-06	1.44072538	0	100	78.9206	0	0	3
291	25	0.366557534	7.275	10.2204589	10.2203839	10.2203087	10.2204589	2.06028981e-06	1.44072538	0	100	78.9615	0	0	3
292	25	0.367875576	7.3	10.2203103	10.220384	10.2203089	10.2204589	1.99279427e-06	1.44072538	0	100	78.9206	0	0	3
293	25	0.369194104	7.325	10.2204591	10.2203841	10.2203089	10.2204591	1.92873391e-06	1.44072538	0	100	78.9615	0	0	3
294	25	0.370512146	7.35	10.2203104	10.2203841	10.2203091	10.2204591	1.86882137e-06	1.44072538	0	100	78.9207	0	0	3
295	25	0.371830674	7.375	10.2204592	10.2203842	10.2203091	10.2204592	1.81179621e-06	1.44072538	0	100	78.9615	0	0	3
296	25	0.373148716	7.4	10.2203106	10.2203843	10.2203093	10.2204592	1.7583064e-06	1.44072538	0	100	78.9207	0	0	3
297	25	0.374467245	7.425	10.2204593	10.2203844	10.2203093	10.2204593	1.70720403e-06	1.44072538	0	100	78.9615	0	0	3
298	25	0.375785287	7.45	10.2203107	10.2203844	10.2203095	10.2204593	1.65908225e-06	1.44072538	0	100	78.9207	0	0	3
299	25	0.377103815	7.475	10.2204594	10.2203845	10.2203095	10.2204594	1.61290277e-06	1.44072538	0	100	78.9615	0	0	3
300	25	0.378421857	7.5	10.2203108	10.2203846	10.2203096	10.2204594	1.56921219e-06	1.44072538	0	100	78.9207	0	0	3
301	25	0.379740385	7.525	10.2204595	10.2203846	10.2203096	10.2204595	1.52707845e-06	1.44072538	0	100	78.9615	0	0	3
302	25	0.381058427	7.55	10.2203109	10.2203847	10.2203098	10.2204595	1.48700838e-06	1.44072538	0	100	78.9207	0	0	3
303	26	0.382376955	7.575	10.2204596	10.2203847	10.2203098	10.2204596	1.44817164e-06	1.44072538	0	100	78.9615	0	0	3
304	26	0.383694997	7.6	10.2203109	10.2203848	10.2203099	10.2204596	1.41103996e-06	1.44072538	0	100	78.9207	0	0	3
305	26	0.385013525	7.625	10.2204597	10.2203849	10.2203099	10.2204597	1.37460214e-06	1.44072538	0	100	78.9615	0	0	3
306	26	0.386331567	7.65	10.220311	10.2203849	10.2203101	10.2204597	1.33957653e-06	1.44072538	0	100	78.9207	0	0	3
307	26	0.387650095	7.675	10.2204597	10.220385	10.2203101	10.2204597	1.30502709e-06	1.44072538	0	100	78.9615	0	0	3
308	26	0.388968137	7.7	10.2203111	10.220385	10.2203102	10.2204597	1.27162837e-06	1.44072538	0	100	78.9207	0	0	3
309	26	0.390286665	7.725	10.2204598	10.2203851	10.2203102	10.2204598	1.23851612e-06	1.44072538	0	100	78.9615	0	0	3
310	26	0.391604707	7.75	10.2203112	10.2203851	10.2203103	10.2204598	1.20634265e-06	1.44072538	0	100	78.9207	0	0	3
311	26	0.392923235	7.775	10.2204599	10.2203852	10.2203103	10.2204599	1.17433021e-06	1.44072538	0	100	78.9615	0	0	3
312	26	0.394241277	7.8	10.2203112	10.2203852	10.2203104	10.2204599	1.14311375e-06	1.44072538	0	100	78.9207	0	0	3
313	26	0.395559805	7.825	10.2204599	10.2203853	10.2203104	10.2204599	1.11199039e-06	1.44072538	0	100	78.9615	0	0	3
314	26	0.396877847	7.85	10.2203113	10.2203853	10.2203106	10.2204599	1.08157115e-06	1.44072538	0	100	78.9207	0	0	3
315	27	0.398196375	7.875	10.22046	10.2203853	10.2203106	10.22046	1.05121737e-06	1.44072538	0	100	78.9615	0	0	3
316	27	0.399514417	7.9	10.2203114	10.2203854	10.2203107	10.22046	1.02151391e-06	1.44072538	0	100	78.9207	0	0	3
317	27	0.400832945	7.925	10.2204601	10.2203854	10.2203107	10.2204601	9.91879391e-07	1.44072538	0	100	78.9615	0	0	3
318	27	0.402150987	7.95	10.2203114	10.2203855	10.2203108	10.2204601	9.62871749e-07	1.44072538	0	100	78.9207	0	0	3
319	27	0.403469515	7.975	10.2204601	10.2203855	10.2203108	10.2204601	9.33960193e-07	1.44072538	0	100	78.9615	0	0	3
320	27	0.404787557	8	10.2203115	10.2203855	10.2203109	10.2204601	9.0567471e-07	1.44072538	0	100	78.9207	0	0	3
321	27	0.406106085	8.025	10.2204602	10.2203856	10.2203109	10.2204602	8.77528485e-07	1.44072538	0	100	78.9615	0	0	3
322	27	0.407424127	8.05	10.2203115	10.2203856	10.2203109	10.2204602	8.50022863e-07	1.44072538	0	100	78.9207	0	0	3
323	27	0.408742655	8.075	10.2204602	10.2203856	10.2203109	10.2204602	8.22709142e-07	1.44072538	0	100	78.9615	0	0	3
324	27	0.410060697	8.1	10.2203115	10.2203857	10.220311	10.2204602	7.96059744e-07	1.44072538	0	100	78.9207	0	0	3
325	27	0.411379225	8.125	10.2204602	10.2203857	10.220311	10.2204602	7.69659088e-07	1.44072538	0	100	78.9615	0	0	3
326	27	0.412697267	8.15	10.2203116	10.2203857	10.2203111	10.2204602	7.43950793e-07	1.44072538	0	100	78.9207	0	0	3
327	28	0.414015795	8.175	10.2204603	10.2203857	10.2203111	10.2204603	7.18548094e-07	1.44072538	0	100	78.9615	0	0	3
328	28	0.415333837	8.2	10.2203116	10.2203858	10.2203112	10.2204603	6.93866179e-07	1.44072538	0	100	78.9207	0	0	3
329	28	0.416652365	8.225	10.2204603	10.2203858	10.2203112	10.2204603	6.69543409e-07	1.44072538	0	100	78.9615	0	0	3
330	28	0.417970407	8.25	10.2203117	10.2203858	10.2203112	10.2204603	6.45967159e-07	1.44072538	0	100	78.9207	0	0	3
331	28	0.419288935	8.275	10.2204603	10.2203858	10.2203112	10.2204603	6.2279773e-07	1.44072538	0	100	78.9615	0	0	3
332	28	0.420606977	8.3	10.2203117	10.2203859	10.2203113	10.2204603	6.00395508e-07	1.44072538	0	100	78.9207	0	0	3
333	28	0.421925505	8.325	10.2204604	10.2203859	10.2203113	10.2204604	5.78440083e-07	1.44072538	0	100	78.9615	0	0	3
334	28	0.423243547	8.35	10.2203117	10.2203859	10.2203114	10.2204604	5.5726583e-07	1.44072538	0	100	78.9207	0	0	3
335	28	0.424562075	8.375	10.2204604	10.2203859	10.2203114	10.2204604	5.36569459e-07	1.44072538	0	100	78.9615	0	0	3
336	28	0.425880117	8.4	10.2203117	10.2203859	10.2203114	10.2204604	5.16660503e-07	1.44072538	0	100	78.9207	0	0	3
337	28	0.427198645	8.425	10.2204604	10.2203859	10.2203114	10.2204604	4.97251008e-07	1.44072538	0	100	78.9615	0	0	3
338	28	0.428516687	8.45	10.2203118	10.220386	10.2203115	10.2204604	4.78626982e-07	1.44072538	0	100	78.9207	0	0	3
339	29	0.429835215	8.475	10.2204604	10.220386	10.2203115	10.2204604	4.60514437e-07	1.44072538	0	100	78.9615	0	0	3
340	29	0.431153257	8.5	10.2203118	10.220386	10.2203115	10.2204604	4.43177258e-07	1.44072538	0	100	78.9207	0	0	3
341	29	0.432471785	8.525	10.2204605	10.220386	10.2203115	10.2204605	4.26354331e-07	1.44072538	0	100	78.9615	0	0	3
342	29	0.433789826	8.55	10.2203118	10.220386	10.2203115	10.2204605	4.1028893e-07	1.44072538	0	100	78.9207	0	0	3
343	29	0.435108354	8.575	10.2204605	10.220386	10.2203115	10.2204605	3.9473202e-07	1.44072538	0	100	78.9615	0	0	3
344	29	0.436426396	8.6	10.2203118	10.2203861	10.2203116	10.2204605	3.79907773e-07	1.44072538	0	100	78.9207	0	0	3
345	29	0.437744924	8.625	10.2204605	10.2203861	10.2203116	10.2204605	3.65578618e-07	1.44072538	0	100	78.9615	0	0	3
346	29	0.439062966	8.65	10.2203118	10.2203861	10.2203116	10.2204605	3.51951185e-07	1.44072538	0	100	78.9207	0	0	3
347	29	0.440381494	8.675	10.2204605	10.2203861	10.2203116	10.2204605	3.38798943e-07	1.44072538	0	100	78.9615	0	0	3
348	29	0.441699536	8.7	10.2203119	10.2203861	10.2203117	10.2204605	3.26312472e-07	1.44072538	0	100	78.9207	0	0	3
349	29	0.443018064	8.725	10.2204605	10.2203861	10.2203117	10.2204605	3.14275956e-07	1.44072538	0	100	78.9615	0	0	3
350	29	0.444336106	8.75	10.2203119	10.2203861	10.2203117	10.2204605	3.02865418e-07	1.44072538	0	100	78.9207	0	0	3
351	30	0.445654634	8.775	10.2204606	10.2203861	10.2203117	10.2204606	2.91875514e-07	1.44072538	0	100	78.9615	0	0	3
352	30	0.446972676	8.8	10.2203119	10.2203862	10.2203117	10.2204606	2.81469092e-07	1.44072538	0	100	78.9207	0	0	3
353	30	0.448291204	8.825	10.2204606	10.2203862	10.2203117	10.2204606	2.71451112e-07	1.44072538	0	100	78.9615	0	0	3
354	30	0.449609246	8.85	10.2203119	10.2203862	10.2203117	10.2204606	2.61972547e-07	1.44072538	0	100	78.9207	0	0	3
355	30	0.450927774	8.875	10.2204606	10.2203862	10.2203117	10.2204606	2.52848492e-07	1.44072538	0	100	78.9615	0	0	3
356	30	0.452245815	8.9	10.2203119	10.2203862	10.2203118	10.2204606	2.44219276e-07	1.44072538	0	100	78.9207	0	0	3
357	30	0.453564343	8.925	10.2204606	10.2203862	10.2203118	10.2204606	2.35909971e-07	1.44072538	0	100	78.9615	0	0	3
358	30	0.454882385	8.95	10.2203119	10.2203862	10.2203118	10.2204606	2.28051345e-07	1.44072538	0	100	78.9207	0	0	3
359	30	0.456200913	8.975	10.2204606	10.2203862	10.2203118	10.2204606	2.20478269e-07	1.44072538	0	100	78.9615	0	0	3
360	30	0.457518955	9	10.220312	10.2203862	10.2203118	10.2204606	2.13312974e-07	1.44072538	0	100	78.9207	0	0	3
361	30	0.458837483	9.025	10.2204606	10.2203862	10.2203118	10.2204606	2.06399918e-07	1.44072538	0	100	78.9615	0	0	3
362	30	0.460155525	9.05	10.220312	10.2203862	10.2203118	10.2204606	1.99853654e-07	1.44072538	0	100	78.9207	0	0	3
363	31	0.461474053	9.075	10.2204606	10.2203863	10.2203118	10.2204606	1.9352802e-07	1.44072538	0	100	78.9615	0	0	3
364	31	0.462792095	9.1	10.220312	10.2203863	10.2203118	10.2204606	1.8753067e-07	1.44072538	0	100	78.9207	0	0	3
365	31	0.464110623	9.125	10.2204606	10.2203863	10.2203118	10.2204606	1.81724531e-07	1.44072538	0	100	78.9615	0	0	3
366	31	0.465428665	9.15	10.220312	10.2203863	10.2203119	10.2204606	1.76211044e-07	1.44072538	0	100	78.9207	0	0	3
367	31	0.466747193	9.175	10.2204607	10.2203863	10.2203119	10.2204607	1.70861911e-07	1.44072538	0	100	78.9615	0	0	3
368	31	0.468065234	9.2	10.220312	10.2203863	10.2203119	10.2204607	1.65772944e-07	1.44072538	0	100	78.9207	0	0	3
369	31	0.469383762	9.225	10.2204607	10.2203863	10.2203119	10.2204607	1.60824278e-07	1.44072538	0	100	78.9615	0	0	3
370	31	0.470701804	9.25	10.220312	10.2203863	10.2203119	10.2204607	1.56106571e-07	1.44072538	0	100	78.9207	0	0	3
371	31	0.472020332	9.275	10.2204607	10.2203863	10.2203119	10.2204607	1.51508026e-07	1.44072538	0	100	78.9615	0	0	3
372	31	0.473338374	9.3	10.220312	10.2203863	10.2203119	10.2204607	1.47114553e-07	1.44072538	0	100	78.9207	0	0	3
373	31	0.474656902	9.325	10.2204607	10.2203863	10.2203119	10.2204607	1.42822026e-07	1.44072538	0	100	78.9615	0	0	3
374	32	0.475974944	9.35	10.220312	10.2203863	10.2203119	10.2204607	1.38711959e-07	1.44072538	0	100	78.9207	0	0	3
375	32	0.477293472	9.375	10.2204607	10.2203863	10.2203119	10.2204607	1.34687454e-07	1.44072538	0	100	78.9615	0	0	3
376	32	0.478611514	9.4	10.220312	10.2203863	10.2203119	10.2204607	1.30825915e-07	1.44072538	0	100	78.9207	0	0	3
377	32	0.479930042	9.425	10.2204607	10.2203863	10.2203119	10.2204607	1.27037247e-07	1.44072538	0	100	78.9615	0	0	3
378	32	0.481248083	9.45	10.220312	10.2203863	10.220312	10.2204607	1.23394983e-07	1.44072538	0	100	78.9207	0	0	3
379	32	0.482566611	9.475	10.2204607	10.2203863	10.220312	10.2204607	1.19815381e-07	1.44072538	0	100	78.9615	0	0	3
380	32	0.483884653	9.5	10.220312	10.2203864	10.220312	10.2204607	1.16368291e-07	1.44072538	0	100	78.9207	0	0	3
381	32	0.485203181	9.525	10.2204607	10.2203864	10.220312	10.2204607	1.12975888e-07	1.44072538	0	100	78.9615	0	0	3
382	32	0.486521223	9.55	10.2203121	10.2203864	10.220312	10.2204607	1.09704491e-07	1.44072538	0	100	78.9207	0	0	3
383	32	0.487839751	9.575	10.2204607	10.2203864	10.220312	10.2204607	1.0648178e-07	1.44072538	0	100	78.9615	0	0	3
384	32	0.489157793	9.6	10.2203121	10.2203864	10.220312	10.2204607	1.03370679e-07	1.44072538	0	100	78.9207	0	0	3
385	32	0.490476321	9.625	10.2204607	10.2203864	10.220312	10.2204607	1.00303916e-07	1.44072538	0	100	78.9615	0	0	3
386	33	0.491794363	9.65	10.2203121	10.2203864	10.220312	10.2204607	9.7341168e-08	1.44072538	0	100	78.9207	0	0	3
387	33	0.493112891	9.675	10.2204607	10.2203864	10.220312	10.2204607	9.44198089e-08	1.44072538	0	100	78.9615	0	0	3
388	33	0.494430932	9.7	10.2203121	10.2203864	10.220312	10.2204607	9.15963483e-08	1.44072538	0	100	78.9207	0	0	3
389	33	0.49574946	9.725	10.2204607	10.2203864	10.220312	10.2204607	8.88124454e-08	1.44072538	0	100	78.9615	0	0	3
390	33	0.497067502	9.75	10.2203121	10.2203864	10.220312	10.2204607	8.61215455e-08	1.44072538	0	100	78.9207	0	0	3
391	33	0.49838603	9.775	10.2204607	10.2203864	10.220312	10.2204607	8.34692155e-08	1.44072538	0	100	78.9615	0	0	3
392	33	0.499704072	9.8	10.2203121	10.2203864	10.220312	10.2204607	8.09059379e-08	1.44072538	0	100	78.9207	0	0	3
393	33	0.5010226	9.825	10.2204607	10.2203864	10.220312	10.2204607	7.83808591e-08	1.44072538	0	100	78.9615	0	0	3
394	33	0.502340642	9.85	10.2203121	10.2203864	10.220312	10.2204607	7.59415961e-08	1.44072538	0	100	78.9207	0	0	3
395	33	0.50365917	9.875	10.2204608	10.2203864	10.220312	10.2204608	7.35405479e-08	1.44072538	0	100	78.9615	0	0	3
396	33	0.504977212	9.9	10.2203121	10.2203864	10.220312	10.2204608	7.12225798e-08	1.44072538	0	100	78.9207	0	0	3
397	33	0.50629574	9.925	10.2204608	10.2203864	10.220312	10.2204608	6.89430681e-08	1.44072538	0	100	78.9615	0	0	3
398	34	0.507613781	9.95	10.2203121	10.2203864	10.220312	10.2204608	6.67442119e-08	1.44072538	0	100	78.9207	0	0	3
399	34	0.508932309	9.975	10.2204608	10.2203864	10.220312	10.2204608	6.45841158e-08	1.44072538	0	100	78.9615	0	0	3
400	34	0.510250351	10	10.2203121	10.2203864	10.2203121	10.2204608	6.25024317e-08	1.44072538	0	100	78.9207	0	0	3
401	34	0.511568879	10.025	10.2204608	10.2203864	10.2203121	10.2204608	6.04597563e-08	1.44072538	0	100	78.9615	0	0	3
402	34	0.512886921	10.05	10.2203121	10.2203864	10.2203121	10.2204608	5.84932902e-08	1.44072538	0	100	78.9207	0	0	3
403	34	0.514205449	10.075	10.2204608	10.2203864	10.2203121	10.2204608	5.65659288e-08	1.44072538	0	100	78.9615	0	0	3
404	34	0.515523491	10.1	10.2203121	10.2203864	10.2203121	10.2204608	5.47125492e-08	1.44072538	0	100	78.9207	0	0	3
405	34	0.516842019	10.125	10.2204608	10.2203864	10.2203121	10.2204608	5.28981516e-08	1.44072538	0	100	78.9615	0	0	3
406	34	0.518160061	10.15	10.2203121	10.2203864	10.2203121	10.2204608	5.11554035e-08	1.44072538	0	100	78.9207	0	0	3
407	34	0.519478588	10.175	10.2204608	10.2203864	10.2203121	10.2204608	4.94512715e-08	1.44072538	0	100	78.9615	0	0	3
408	34	0.52079663	10.2	10.2203121	10.2203864	10.2203121	10.2204608	4.78163109e-08	1.44072538	0	100	78.9207	0	0	3
409	35	0.522115158	10.225	10.2204608	10.2203864	10.2203121	10.2204608	4.62193164e-08	1.44072538	0	100	78.9615	0	0	3
410	35	0.5234332	10.25	10.2203121	10.2203864	10.2203121	10.2204608	4.46888624e-08	1.44072538	0	100	78.9207	0	0	3
411	35	0.524751728	10.275	10.2204608	10.2203864	10.2203121	10.2204608	4.31954508e-08	1.44072538	0	100	78.9615	0	0	3
412	35	0.52606977	10.3	10.2203121	10.2203864	10.2203121	10.2204608	4.17657855e-08	1.44072538	0	100	78.9207	0	0	3
413	35	0.527388298	10.325	10.2204608	10.2203864	10.2203121	10.2204608	4.0371976e-08	1.44072538	0	100	78.9615	0	0	3
414	35	0.52870634	10.35	10.2203121	10.2203864	10.2203121	10.2204608	3.90389889e-08	1.44072538	0	100	78.9207	0	0	3
415	35	0.530024868	10.375	10.2204608	10.2203864	10.2203121	10.2204608	3.77404206e-08	1.44072538	0	100	78.9615	0	0	3
416	35	0.531342909	10.4	10.2203121	10.2203864	10.2203121	10.2204608	3.64996193e-08	1.44072538	0	100	78.9207	0	0	3
417	35	0.532661437	10.425	10.2204608	10.2203865	10.2203121	10.2204608	3.52916043e-08	1.44072538	0	100	78.9615	0	0	3
418	35	0.533979479	10.45	10.2203121	10.2203865	10.2203121	10.2204608	3.41382105e-08	1.44072538	0	100	78.9207	0	0	3
419	35	0.535298007	10.475	10.2204608	10.2203865	10.2203121	10.2204608	3.30158052e-08	1.44072538	0	100	78.9615	0	0	3
420	36	0.536616049	10.5	10.2203121	10.2203865	10.2203121	10.2204608	3.19448201e-08	1.44072538	0	100	78.9207	0	0	3
421	36	0.537934577	10.525	10.2204608	10.2203865	10.2203121	10.2204608	3.09029069e-08	1.44072538	0	100	78.9615	0	0	3
422	36	0.539252619	10.55	10.2203121	10.2203865	10.2203121	10.2204608	2.99091809e-08	1.44072538	0	100	78.9207	0	0	3
423	36	0.540571147	10.575	10.2204608	10.2203865	10.2203121	10.2204608	2.89425355e-08	1.44072538	0	100	78.9615	0	0	3
424	36	0.541889189	10.6	10.2203121	10.2203865	10.2203121	10.2204608	2.80208763e-08	1.44072538	0	100	78.9207	0	0	3
425	36	0.543207716	10.625	10.2204608	10.2203865	10.2203121	10.2204608	2.71242619e-08	1.44072538	0	100	78.9615	0	0	3
426	36	0.544525758	10.65	10.2203121	10.2203865	10.2203121	10.2204608	2.6269479e-08	1.44072538	0	100	78.9207	0	0	3
427	36	0.545844286	10.675	10.2204608	10.2203865	10.2203121	10.2204608	2.54377071e-08	1.44072538	0	100	78.9615	0	0	3
428	36	0.547162328	10.7	10.2203121	10.2203865	10.2203121	10.2204608	2.46447058e-08	1.44072538	0	100	78.9207	0	0	3
429	36	0.548480856	10.725	10.2204608	10.2203865	10.2203121	10.2204608	2.38727296e-08	1.44072538	0	100	78.9615	0	0	3
430	36	0.549798898	10.75	10.2203121	10.2203865	10.2203121	10.2204608	2.313657e-08	1.44072538	0	100	78.9207	0	0	3
431	36	0.551117426	10.775	10.2204608	10.2203865	10.2203121	10.2204608	2.24195169e-08	1.44072538	0	100	78.9615	0	0	3
432	37	0.552435468	10.8	10.2203121	10.2203865	10.2203121	10.2204608	2.17354668e-08	1.44072538	0	100	78.9207	0	0	3
433	37	0.553753996	10.825	10.2204608	10.2203865	10.2203121	10.2204608	2.10686935e-08	1.44072538	0	100	78.9615	0	0	3
434	37	0.555072037	10.85	10.2203121	10.2203865	10.2203121	10.2204608	2.04322834e-08	1.44072538	0	100	78.9207	0	0	3
435	37	0.556390565	10.875	10.2204608	10.2203865	10.2203121	10.2204608	1.98114307e-08	1.44072538	0	100	78.9615	0	0	3
436	37	0.557708607	10.9	10.2203121	10.2203865	10.2203121	10.2204608	1.92184686e-08	1.44072538	0	100	78.9207	0	0	3
437	37	0.559027135	10.925	10.2204608	10.2203865	10.2203121	10.2204608	1.86394793e-08	1.44072538	0	100	78.9615	0	0	3
438	37	0.560345177	10.95	10.2203121	10.2203865	10.2203121	10.2204608	1.80860891e-08	1.44072538	0	100	78.9207	0	0	3
439	37	0.561663705	10.975	10.2204608	10.2203865	10.2203121	10.2204608	1.75452204e-08	1.44072538	0	100	78.9615	0	0	3
440	37	0.562981747	11	10.2203121	10.2203865	10.2203121	10.2204608	1.7027844e-08	1.44072538	0	100	78.9207	0	0	3
441	37	0.564300275	11.025	10.2204608	10.2203865	10.2203121	10.2204608	1.6521696e-08	1.44072538	0	100	78.9615	0	0	3
442	37	0.565618317	11.05	10.2203121	10.2203865	10.2203121	10.2204608	1.60371147e-08	1.44072538	0	100	78.9207	0	0	3
443	38	0.566936844	11.075	10.2204608	10.2203865	10.2203121	10.2204608	1.55626001e-08	1.44072538	0	100	78.9615	0	0	3
444	38	0.568254886	11.1	10.2203121	10.2203865	10.2203121	10.2204608	1.51079167e-08	1.44072538	0	100	78.9207	0	0	3
445	38	0.569573414	11.125	10.2204608	10.2203865	10.2203121	10.2204608	1.46622803e-08	1.44072538	0	100	78.9615	0	0	3
446	38	0.570891456	11.15	10.2203121	10.2203865	10.2203121	10.2204608	1.42349244e-08	1.44072538	0	100	78.9207	0	0	3
447	38	0.572209984	11.175	10.2204608	10.2203865	10.2203121	10.2204608	1.38157201e-08	1.44072538	0	100	78.9615	0	0	3
448	38	0.573528026	11.2	10.2203121	10.2203865	10.2203121	10.2204608	1.34133984e-08	1.44072538	0	100	78.9207	0	0	3
449	38	0.574846554	11.225	10.2204608	10.2203865	10.2203121	10.2204608	1.3018477e-08	1.44072538	0	100	78.9615	0	0	3
450	38	0.576164596	11.25	10.2203121	10.2203865	10.2203121	10.2204608	1.2639191e-08	1.44072538	0	100	78.9207	0	0	3
451	38	0.577483124	11.275	10.2204608	10.2203865	10.2203121	10.2204608	1.22666588e-08	1.44072538	0	100	78.9615	0	0	3
452	38	0.578801165	11.3	10.2203121	10.2203865	10.2203121	10.2204608	1.19086607e-08	1.44072538	0	100	78.9207	0	0	3
453	38	0.580119693	11.325	10.2204608	10.2203865	10.2203121	10.2204608	1.1556871e-08	1.44072538	0	100	78.9615	0	0	3
454	39	0.581437735	11.35	10.2203121	10.2203865	10.2203121	10.2204608	1.1218642e-08	1.44072538	0	100	78.9207	0	0	3
455	39	0.582756263	11.375	10.2204608	10.2203865	10.2203121	10.2204608	1.08861684e-08	1.44072538	0	100	78.9615	0	0	3
456	39	0.584074305	11.4	10.2203121	10.2203865	10.2203121	10.2204608	1.05663887e-08	1.44072538	0	100	78.9207	0	0	3
457	39	0.585392833	11.425	10.2204608	10.2203865	10.2203121	10.2204608	1.02519877e-08	1.44072538	0	100	78.9615	0	0	3
458	39	0.586710875	11.45	10.2203121	10.2203865	10.2203121	10.2204608	9.94951677e-09	1.44072538	0	100	78.9207	0	0	3
459	39	0.588029403	11.475	10.2204608	10.2203865	10.2203121	10.2204608	9.65211022e-09	1.44072538	0	100	78.9615	0	0	3
460	39	0.589347445	11.5	10.2203121	10.2203865	10.2203121	10.2204608	9.36595335e-09	1.44072538	0	100	78.9207	0	0	3
461	39	0.590665972	11.525	10.2204608	10.2203865	10.2203121	10.2204608	9.08460684e-09	1.44072538	0	100	78.9615	0	0	3
462	39	0.591984014	11.55	10.2203121	10.2203865	10.2203121	10.2204608	8.81389717e-09	1.44072538	0	100	78.9207	0	0	3
463	39	0.593302542	11.575	10.2204608	10.2203865	10.2203121	10.2204608	8.54777582e-09	1.44072538	0	100	78.9615	0	0	3
464	39	0.594620584	11.6	10.2203121	10.2203865	10.2203121	10.2204608	8.29174063e-09	1.44072538	0	100	78.9207	0	0	3
465	40	0.595939112	11.625	10.2204608	10.2203865	10.2203121	10.2204608	8.04010902e-09	1.44072538	0	100	78.9615	0	0	3
466	40	0.597257154	11.65	10.2203121	10.2203865	10.2203121	10.2204608	7.79806619e-09	1.44072538	0	100	78.9207	0	0	3
467	40	0.598575682	11.675	10.2204608	10.2203865	10.2203121	10.2204608	7.5602582e-09	1.44072538	0	100	78.9615	0	0	3
468	40	0.599893724	11.7	10.2203121	10.2203865	10.2203121	10.2204608	7.33157179e-09	1.44072538	0	100	78.9207	0	0	3
469	40	0.601212252	11.725	10.2204608	10.2203865	10.2203121	10.2204608	7.10697989e-09	1.44072538	0	100	78.9615	0	0	3
470	40	0.602530293	11.75	10.2203121	10.2203865	10.2203121	10.2204608	6.89107793e-09	1.44072538	0	100	78.9207	0	0	3
471	40	0.603848821	11.775	10.2204608	10.2203865	10.2203121	10.2204608	6.67912836e-09	1.44072538	0	100	78.9615	0	0	3
472	40	0.605166863	11.8	10.2203121	10.2203865	10.2203121	10.2204608	6.47546017e-09	1.44072538	0	100	78.9207	0	0	3
473	40	0.606485391	11.825	10.2204608	10.2203865	10.2203121	10.2204608	6.27561647e-09	1.44072538	0	100	78.9615	0	0	3
474	40	0.607803433	11.85	10.2203121	10.2203865	10.2203121	10.2204608	6.08366335e-09	1.44072538	0	100	78.9207	0	0	3
475	40	0.609121961	11.875	10.2204608	10.2203865	10.2203121	10.2204608	5.89540683e-09	1.44072538	0	100	78.9615	0	0	3
476	40	0.610440003	11.9	10.2203121	10.2203865	10.2203121	10.2204608	5.71465719e-09	1.44072538	0	100	78.9207	0	0	3
477	41	0.611758531	11.925	10.2204608	10.2203865	10.2203121	10.2204608	5.5374727e-09	1.44072538	0	100	78.9615	0	0	3
478	41	0.613076572	11.95	10.2203121	10.2203865	10.2203121	10.2204608	5.3674416e-09	1.44072538	0	100	78.9207	0	0	3
479	41	0.6143951	11.975	10.2204608	10.2203865	10.2203121	10.2204608	5.20083354e-09	1.44072538	0	100	78.9615	0	0	3
480	41	0.615713142	12	10.2203121	10.2203865	10.2203121	10.2204608	5.04101827e-09	1.44072538	0	100	78.9207	0	0	3
481	41	0.61703167	12.025	10.2204608	10.2203865	10.2203121	10.2204608	4.88448748e-09	1.44072538	0	100	78.9615	0	0	3
482	41	0.618349712	12.05	10.2203121	10.2203865	10.2203121	10.2204608	4.73440842e-09	1.44072538	0	100	78.9207	0	0	3
483	41	0.61966824	12.075	10.2204608	10.2203865	10.2203121	10.2204608	4.58746818e-09	1.44072538	0	100	78.9615	0	0	3
484	41	0.620986282	12.1	10.2203121	10.2203865	10.2203121	10.2204608	4.44663684e-09	1.44072538	0	100	78.9207	0	0	3
485	41	0.62230481	12.125	10.2204608	10.2203865	10.2203121	10.2204608	4.30878977e-09	1.44072538	0	100	78.9615	0	0	3
486	41	0.623622852	12.15	10.2203121	10.2203865	10.2203121	10.2204608	4.17673185e-09	1.44072538	0	100	78.9207	0	0	3
487	41	0.62494138	12.175	10.2204608	10.2203865	10.2203121	10.2204608	4.04750544e-09	1.44072538	0	100	78.9615	0	0	3
488	42	0.626259421	12.2	10.2203121	10.2203865	10.2203121	10.2204608	3.92373778e-09	1.44072538	0	100	78.9207	0	0	3
489	42	0.627577949	12.225	10.2204608	10.2203865	10.2203121	10.2204608	3.80264886e-09	1.44072538	0	100	78.9615	0	0	3
490	42	0.628895991	12.25	10.2203121	10.2203865	10.2203121	10.2204608	3.6867096e-09	1.44072538	0	100	78.9207	0	0	3
491	42	0.630214519	12.275	10.2204608	10.2203865	10.2203121	10.2204608	3.57328744e-09	1.44072538	0	100	78.9615	0	0	3
492	42	0.631532561	12.3	10.2203121	10.2203865	10.2203121	10.2204608	3.46470763e-09	1.44072538	0	100	78.9207	0	0	3
493	42	0.632851089	12.325	10.2204608	10.2203865	10.2203121	10.2204608	3.35849037e-09	1.44072538	0	100	78.9615	0	0	3
494	42	0.634169131	12.35	10.2203121	10.2203865	10.2203121	10.2204608	3.25682059e-09	1.44072538	0	100	78.9207	0	0	3
495	42	0.635487659	12.375	10.2204608	10.2203865	10.2203121	10.2204608	3.15736592e-09	1.44072538	0	100	78.9615	0	0	3
496	42	0.6368057	12.4	10.2203121	10.2203865	10.2203121	10.2204608	3.06217451e-09	1.44072538	0	100	78.9207	0	0	3
497	42	0.638124228	12.425	10.2204608	10.2203865	10.2203121	10.2204608	2.9690419e-09	1.44072538	0	100	78.9615	0	0	3
498	42	0.63944227	12.45	10.2203121	10.2203865	10.2203121	10.2204608	2.87989721e-09	1.44072538	0	100	78.9207	0	0	3
499	43	0.640760798	12.475	10.2204608	10.2203865	10.2203121	10.2204608	2.79267276e-09	1.44072538	0	100	78.9615	0	0	3
500	43	0.64207884	12.5	10.2203121	10.2203865	10.2203121	10.2204608	2.70918044e-09	1.44072538	0	100	78.9207	0	0	3
501	43	0.643397368	12.525	10.2204608	10.2203865	10.2203121	10.2204608	2.62746269e-09	1.44072538	0	100	78.9615	0	0	3
502	43	0.64471541	12.55	10.2203121	10.2203865	10.2203121	10.2204608	2.54922661e-09	1.44072538	0	100	78.9207	0	0	3
503	43	0.646033938	12.575	10.2204608	10.2203865	10.2203121	10.2204608	2.47264076e-09	1.44072538	0	100	78.9615	0	0	3
504	43	0.64735198	12.6	10.2203121	10.2203865	10.2203121	10.2204608	2.3993092e-09	1.44072538	0	100	78.9207	0	0	3
505	43	0.648670507	12.625	10.2204608	10.2203865	10.2203121	10.2204608	2.32749642e-09	1.44072538	0	100	78.9615	0	0	3
506	43	0.649988549	12.65	10.2203121	10.2203865	10.2203121	10.2204608	2.25871588e-09	1.44072538	0	100	78.9207	0	0	3
507	43	0.651307077	12.675	10.2204608	10.2203865	10.2203121	10.2204608	2.19133867e-09	1.44072538	0	100	78.9615	0	0	3
508	43	0.652625119	12.7	10.2203121	10.2203865	10.2203121	10.2204608	2.12678941e-09	1.44072538	0	100	78.9207	0	0	3
509	43	0.653943647	12.725	10.2204608	10.2203865	10.2203121	10.2204608	2.06353512e-09	1.44072538	0	100	78.9615	0	0	3
510	44	0.655261689	12.75	10.2203121	10.2203865	10.2203121	10.2204608	2.00292227e-09	1.44072538	0	100	78.9207	0	0	3
511	44	0.656580217	12.775	10.2204608	10.2203865	10.2203121	10.2204608	1.94349781e-09	1.44072538	0	100	78.9615	0	0	3
512	44	0.657898259	12.8	10.2203121	10.2203865	10.2203121	10.2204608	1.8865407e-09	1.44072538	0	100	78.9207	0	0	3
513	44	0.659216787	12.825	10.2204608	10.2203865	10.2203121	10.2204608	1.83067961e-09	1.44072538	0	100	78.9615	0	0	3
514	44	0.660534828	12.85	10.2203121	10.2203865	10.2203121	10.2204608	1.77711712e-09	1.44072538	0	100	78.9207	0	0	3
515	44	0.661853356	12.875	10.2204608	10.2203865	10.2203121	10.2204608	1.72457604e-09	1.44072538	0	100	78.9615	0	0	3
516	44	0.663171398	12.9	10.2203121	10.2203865	10.2203121	10.2204608	1.67417724e-09	1.44072538	0	100	78.9207	0	0	3
517	44	0.664489926	12.925	10.2204608	10.2203865	10.2203121	10.2204608	1.62472524e-09	1.44072538	0	100	78.9615	0	0	3
518	44	0.665807968	12.95	10.2203121	10.2203865	10.2203121	10.2204608	1.57727698e-09	1.44072538	0	100	78.9207	0	0	3
519	44	0.667126496	12.975	10.2204608	10.2203865	10.2203121	10.2204608	1.53069912e-09	1.44072538	0	100	78.9615	0	0	3
520	44	0.668444538	13	10.2203121	10.2203865	10.2203121	10.2204608	1.48600421e-09	1.44072538	0	100	78.9207	0	0	3
521	45	0.669763066	13.025	10.2204608	10.2203865	10.2203121	10.2204608	1.44212287e-09	1.44072538	0	100	78.9615	0	0	3
522	45	0.671081107	13.05	10.2203121	10.2203865	10.2203121	10.2204608	1.39999834e-09	1.44072538	0	100	78.9207	0	0	3
523	45	0.672399635	13.075	10.2204608	10.2203865	10.2203121	10.2204608	1.35863232e-09	1.44072538	0	100	78.9615	0	0	3
524	45	0.673717677	13.1	10.2203121	10.2203865	10.2203121	10.2204608	1.31891476e-09	1.44072538	0	100	78.9207	0	0	3
525	45	0.675036205	13.125	10.2204608	10.2203865	10.2203121	10.2204608	1.27990774e-09	1.44072538	0	100	78.9615	0	0	3
526	45	0.676354247	13.15	10.2203121	10.2203865	10.2203121	10.2204608	1.24245325e-09	1.44072538	0	100	78.9207	0	0	3
527	45	0.677672775	13.175	10.2204608	10.2203865	10.2203121	10.2204608	1.20566312e-09	1.44072538	0	100	78.9615	0	0	3
528	45	0.678990817	13.2	10.2203121	10.2203865	10.2203121	10.2204608	1.17032783e-09	1.44072538	0	100	78.9207	0	0	3
529	45	0.680309345	13.225	10.2204608	10.2203865	10.2203121	10.2204608	1.1356196e-09	1.44072538	0	100	78.9615	0	0	3
530	45	0.681627387	13.25	10.2203121	10.2203865	10.2203121	10.2204608	1.10228981e-09	1.44072538	0	100	78.9207	0	0	3
531	45	0.682945914	13.275	10.2204608	10.2203865	10.2203121	10.2204608	1.06954268e-09	1.44072538	0	100	78.9615	0	0	3
532	46	0.684263956	13.3	10.2203121	10.2203865	10.2203121	10.2204608	1.03809228e-09	1.44072538	0	100	78.9207	0	0	3
533	46	0.685582484	13.325	10.2204608	10.2203865	10.2203121	10.2204608	1.00719966e-09	1.44072538	0	100	78.9615	0	0	3
534	46	0.686900526	13.35	10.2203121	10.2203865	10.2203121	10.2204608	9.77525616e-10	1.44072538	0	100	78.9207	0	0	3
535	46	0.688219054	13.375	10.2204608	10.2203865	10.2203121	10.2204608	9.48384482e-10	1.44072538	0	100	78.9615	0	0	3
536	46	0.689537096	13.4	10.2203121	10.2203865	10.2203121	10.2204608	9.20396204e-10	1.44072538	0	100	78.9207	0	0	3
537	46	0.690855624	13.425	10.2204608	10.2203865	10.2203121	10.2204608	8.92907082e-10	1.44072538	0	100	78.9615	0	0	3
538	46	0.692173666	13.45	10.2203121	10.2203865	10.2203121	10.2204608	8.66512195e-10	1.44072538	0	100	78.9207	0	0	3
539	46	0.693492194	13.475	10.2204608	10.2203865	10.2203121	10.2204608	8.40588044e-10	1.44072538	0	100	78.9615	0	0	3
540	56	0.694810235	13.5	10.2203121	10.2203865	10.2203121	10.2204608	8.15699508e-10	1.44072538	0	100	78.9207	0	0	3
541	56	0.696128763	13.525	10.2204608	10.2203865	10.2203121	10.2204608	7.91258614e-10	1.44072538	0	100	78.9615	0	0	3
542	56	0.697446805	13.55	10.2203121	10.2203865	10.2203121	10.2204608	7.67796493e-10	1.44072538	0	100	78.9207	0	0	3
543	56	0.698765333	13.575	10.2204608	10.2203865	10.2203121	10.2204608	7.44762474e-10	1.44072538	0	100	78.9615	0	0	3
544	56	0.700083375	13.6	10.2203121	10.2203865	10.2203121	10.2204608	7.2265216e-10	1.44072538	0	100	78.9207	0	0	3
545	56	0.701401903	13.625	10.2204608	10.2203865	10.2203121	10.2204608	7.00952185e-10	1.44072538	0	100	78.9615	0	0	3
546	56	0.702719945	13.65	10.2203121	10.2203865	10.2203121	10.2204608	6.80122625e-10	1.44072538	0	100	78.9207	0	0	3
547	56	0.704038473	13.675	10.2204608	10.2203865	10.2203121	10.2204608	6.59682087e-10	1.44072538	0	100	78.9615	0	0	3
548	56	0.705356514	13.7	10.2203121	10.2203865	10.2203121	10.2204608	6.40065778e-10	1.44072538	0	100	78.9207	0	0	3
549	57	0.706675042	13.725	10.2204608	10.2203865	10.2203121	10.2204608	6.20817175e-10	1.44072538	0	100	78.9615	0	0	3
550	57	0.707993084	13.75	10.2203121	10.2203865	10.2203121	10.2204608	6.0235017e-10	1.44072538	0	100	78.9207	0	0	3
551	57	0.709311612	13.775	10.2204608	10.2203865	10.2203121	10.2204608	5.84234883e-10	1.44072538	0	100	78.9615	0	0	3
552	57	0.710629654	13.8	10.2203121	10.2203865	10.2203121	10.2204608	5.6685856e-10	1.44072538	0	100	78.9207	0	0	3
553	57	0.711948182	13.825	10.2204608	10.2203865	10.2203121	10.2204608	5.4981264e-10	1.44072538	0	100	78.9615	0	0	3
554	57	0.713266224	13.85	10.2203121	10.2203865	10.2203121	10.2204608	5.33459499e-10	1.44072538	0	100	78.9207	0	0	3
555	57	0.714584752	13.875	10.2204608	10.2203865	10.2203121	10.2204608	5.17420773e-10	1.44072538	0	100	78.9615	0	0	3
556	57	0.715902794	13.9	10.2203121	10.2203865	10.2203121	10.2204608	5.02041075e-10	1.44072538	0	100	78.9207	0	0	3
557	57	0.717221322	13.925	10.2204608	10.2203865	10.2203121	10.2204608	4.86958029e-10	1.44072538	0	100	78.9615	0	0	3
558	57	0.718539363	13.95	10.2203121	10.2203865	10.2203121	10.2204608	4.72496708e-10	1.44072538	0	100	78.9207	0	0	3
559	58	0.719857891	13.975	10.2204608	10.2203865	10.2203121	10.2204608	4.58308946e-10	1.44072538	0	100	78.9615	0	0	3
560	58	0.721175933	14	10.2203121	10.2203865	10.2203121	10.2204608	4.44714487e-10	1.44072538	0	100	78.9207	0	0	3
561	58	0.722494461	14.025	10.2204608	10.2203865	10.2203121	10.2204608	4.31379377e-10	1.44072538	0	100	78.9615	0	0	3
562	58	0.723812503	14.05	10.2203121	10.2203865	10.2203121	10.2204608	4.18596713e-10	1.44072538	0	100	78.9207	0	0	3
563	58	0.725131031	14.075	10.2204608	10.2203865	10.2203121	10.2204608	4.06060963e-10	1.44072538	0	100	78.9615	0	0	3
564	58	0.726449073	14.1	10.2203121	10.2203865	10.2203121	10.2204608	3.94036803e-10	1.44072538	0	100	78.9207	0	0	3
565	58	0.727767601	14.125	10.2204608	10.2203865	10.2203121	10.2204608	3.82254228e-10	1.44072538	0	100	78.9615	0	0	3
566	58	0.729085642	14.15	10.2203121	10.2203865	10.2203121	10.2204608	3.70958375e-10	1.44072538	0	100	78.9207	0	0	3
567	58	0.73040417	14.175	10.2204608	10.2203865	10.2203121	10.2204608	3.59881014e-10	1.44072538	0	100	78.9615	0	0	3
568	58	0.731722212	14.2	10.2203121	10.2203865	10.2203121	10.2204608	3.49260176e-10	1.44072538	0	100	78.9207	0	0	3
569	58	0.73304074	14.225	10.2204608	10.2203865	10.2203121	10.2204608	3.38845396e-10	1.44072538	0	100	78.9615	0	0	3
570	59	0.734358782	14.25	10.2203121	10.2203865	10.2203121	10.2204608	3.28860494e-10	1.44072538	0	100	78.9207	0	0	3
571	59	0.73567731	14.275	10.2204608	10.2203865	10.2203121	10.2204608	3.19067439e-10	1.44072538	0	100	78.9615	0	0	3
572	59	0.736995352	14.3	10.2203121	10.2203865	10.2203121	10.2204608	3.09682946e-10	1.44072538	0	100	78.9207	0	0	3
573	59	0.73831388	14.325	10.2204608	10.2203865	10.2203121	10.2204608	3.00474312e-10	1.44072538	0	100	78.9615	0	0	3
574	59	0.739631922	14.35	10.2203121	10.2203865	10.2203121	10.2204608	2.91645819e-10	1.44072538	0	100	78.9207	0	0	3
575	59	0.740950449	14.375	10.2204608	10.2203865	10.2203121	10.2204608	2.82991408e-10	1.44072538	0	100	78.9615	0	0	3
576	59	0.742268491	14.4	10.2203121	10.2203865	10.2203121	10.2204608	2.74685164e-10	1.44072538	0	100	78.9207	0	0	3
577	59	0.743587019	14.425	10.2204608	10.2203865	10.2203121	10.2204608	2.66542344e-10	1.44072538	0	100	78.9615	0	0	3
578	59	0.744905061	14.45	10.2203121	10.2203865	10.2203121	10.2204608	2.58735255e-10	1.44072538	0	100	78.9207	0	0	3
579	59	0.746223589	14.475	10.2204608	10.2203865	10.2203121	10.2204608	2.51070276e-10	1.44072538	0	100	78.9615	0	0	3
580	60	0.747541631	14.5	10.2203121	10.2203865	10.2203121	10.2204608	2.43723264e-10	1.44072538	0	100	78.9207	0	0	3
581	60	0.748860159	14.525	10.2204608	10.2203865	10.2203121	10.2204608	2.36509479e-10	1.44072538	0	100	78.9615	0	0	3
582	60	0.750178201	14.55	10.2203121	10.2203865	10.2203121	10.2204608	2.29594121e-10	1.44072538	0	100	78.9207	0	0	3
583	60	0.751496729	14.575	10.2204608	10.2203865	10.2203121	10.2204608	2.22806662e-10	1.44072538	0	100	78.9615	0	0	3
584	60	0.75281477	14.6	10.2203121	10.2203865	10.2203121	10.2204608	2.16292761e-10	1.44072538	0	100	78.9207	0	0	3
585	60	0.754133298	14.625	10.2204608	10.2203865	10.2203121	10.2204608	2.09903206e-10	1.44072538	0	100	78.9615	0	0	3
586	60	0.75545134	14.65	10.2203121	10.2203865	10.2203121	10.2204608	2.03774775e-10	1.44072538	0	100	78.9207	0	0	3
587	60	0.756769868	14.675	10.2204608	10.2203865	10.2203121	10.2204608	1.97754702e-10	1.44072538	0	100	78.9615	0	0	3
588	60	0.75808791	14.7	10.2203121	10.2203865	10.2203121	10.2204608	1.91981542e-10	1.44072538	0	100	78.9207	0	0	3
589	60	0.759406438	14.725	10.2204608	10.2203865	10.2203121	10.2204608	1.86318516e-10	1.44072538	0	100	78.9615	0	0	3
590	61	0.76072448	14.75	10.2203121	10.2203865	10.2203121	10.2204608	1.80879312e-10	1.44072538	0	100	78.9207	0	0	3
591	61	0.762043008	14.775	10.2204608	10.2203865	10.2203121	10.2204608	1.75534254e-10	1.44072538	0	100	78.9615	0	0	3
592	61	0.763361049	14.8	10.2203121	10.2203865	10.2203121	10.2204608	1.70411241e-10	1.44072538	0	100	78.9207	0	0	3
593	61	0.764679577	14.825	10.2204608	10.2203865	10.2203121	10.2204608	1.65384151e-10	1.44072538	0	100	78.9615	0	0	3
594	61	0.765997619	14.85	10.2203121	10.2203865	10.2203121	10.2204608	1.60550684e-10	1.44072538	0	100	78.9207	0	0	3
595	61	0.767316147	14.875	10.2204608	10.2203865	10.2203121	10.2204608	1.5581314e-10	1.44072538	0	100	78.9615	0	0	3
596	61	0.768634189	14.9	10.2203121	10.2203865	10.2203121	10.2204608	1.51260338e-10	1.44072538	0	100	78.9207	0	0	3
597	61	0.769952717	14.925	10.2204608	10.2203865	10.2203121	10.2204608	1.46791024e-10	1.44072538	0	100	78.9615	0	0	3
598	61	0.771270759	14.95	10.2203121	10.2203865	10.2203121	10.2204608	1.42502898e-10	1.44072538	0	100	78.9207	0	0	3
599	61	0.772589287	14.975	10.2204608	10.2203865	10.2203121	10.2204608	1.38287604e-10	1.44072538	0	100	78.9615	0	0	3
600	62	0.773907329	15	10.2203121	10.2203865	10.2203121	10.2204608	1.34244615e-10	1.44072538	0	100	78.9207	0	0	3
601	62	0.775225856	15.025	10.2204608	10.2203865	10.2203121	10.2204608	1.30272682e-10	1.44072538	0	100	78.9615	0	0	3
602	62	0.776543898	15.05	10.2203121	10.2203865	10.2203121	10.2204608	1.26465949e-10	1.44072538	0	100	78.9207	0	0	3
603	62	0.777862426	15.075	10.2204608	10.2203865	10.2203121	10.2204608	1.22723165e-10	1.44072538	0	100	78.9615	0	0	3
604	62	0.779180468	15.1	10.2203121	10.2203865	10.2203121	10.2204608	1.19129595e-10	1.44072538	0	100	78.9207	0	0	3
605	62	0.780498996	15.125	10.2204608	10.2203865	10.2203121	10.2204608	1.1560175e-10	1.44072538	0	100	78.9615	0	0	3
606	62	0.781817038	15.15	10.2203121	10.2203865	10.2203121	10.2204608	1.12217791e-10	1.44072538	0	100	78.9207	0	0	3
607	62	0.783135566	15.175	10.2204608	10.2203865	10.2203121	10.2204608	1.08892451e-10	1.44072538	0	100	78.9615	0	0	3
608	62	0.784453608	15.2	10.2203121	10.2203865	10.2203121	10.2204608	1.05698561e-10	1.44072538	0	100	78.9207	0	0	3
609	62	0.785772136	15.225	10.2204608	10.2203865	10.2203121	10.2204608	1.02566844e-10	1.44072538	0	100	78.9615	0	0	3
610	63	0.787090177	15.25	10.2203121	10.2203865	10.2203121	10.2204608	9.95612481e-11	1.44072538	0	100	78.9207	0	0	3
611	63	0.788408705	15.275	10.2204608	10.2203865	10.2203121	10.2204608	9.66089431e-11	1.44072538	0	100	78.9615	0	0	3
612	63	0.789726747	15.3	10.2203121	10.2203865	10.2203121	10.2204608	9.37721012e-11	1.44072538	0	100	78.9207	0	0	3
613	63	0.791045275	15.325	10.2204608	10.2203865	10.2203121	10.2204608	9.09921027e-11	1.44072538	0	100	78.9615	0	0	3
614	63	0.792363317	15.35	10.2203121	10.2203865	10.2203121	10.2204608	8.83186857e-11	1.44072538	0	100	78.9207	0	0	3
615	63	0.793681845	15.375	10.2204608	10.2203865	10.2203121	10.2204608	8.56985594e-11	1.44072538	0	100	78.9615	0	0	3
616	63	0.794999887	15.4	10.2203121	10.2203865	10.2203121	10.2204608	8.31832381e-11	1.44072538	0	100	78.9207	0	0	3
617	63	0.796318415	15.425	10.2204608	10.2203865	10.2203121	10.2204608	8.07105494e-11	1.44072538	0	100	78.9615	0	0	3
618	63	0.797636456	15.45	10.2203121	10.2203865	10.2203121	10.2204608	7.83408893e-11	1.44072538	0	100	78.9207	0	0	3
619	63	0.798954984	15.475	10.2204608	10.2203865	10.2203121	10.2204608	7.60138619e-11	1.44072538	0	100	78.9615	0	0	3
620	64	0.800273026	15.5	10.2203121	10.2203865	10.2203121	10.2204608	7.37827577e-11	1.44072538	0	100	78.9207	0	0	3
621	64	0.801591554	15.525	10.2204608	10.2203865	10.2203121	10.2204608	7.1588957e-11	1.44072538	0	100	78.9615	0	0	3
622	64	0.802909596	15.55	10.2203121	10.2203865	10.2203121	10.2204608	6.94875268e-11	1.44072538	0	100	78.9207	0	0	3
623	64	0.804228124	15.575	10.2204608	10.2203865	10.2203121	10.2204608	6.74234002e-11	1.44072538	0	100	78.9615	0	0	3
624	64	0.805546166	15.6	10.2203121	10.2203865	10.2203121	10.2204608	6.54427623e-11	1.44072538	0	100	78.9207	0	0	3
625	64	0.806864694	15.625	10.2204608	10.2203865	10.2203121	10.2204608	6.35012043e-11	1.44072538	0	100	78.9615	0	0	3
626	64	0.808182736	15.65	10.2203121	10.2203865	10.2203121	10.2204608	6.1637806e-11	1.44072538	0	100	78.9207	0	0	3
627	64	0.809501264	15.675	10.2204608	10.2203865	10.2203121	10.2204608	5.98046057e-11	1.44072538	0	100	78.9615	0	0	3
628	64	0.810819305	15.7	10.2203121	10.2203865	10.2203121	10.2204608	5.80477888e-11	1.44072538	0	100	78.9207	0	0	3
629	65	0.812137833	15.725	10.2204608	10.2203865	10.2203121	10.2204608	5.6326499e-11	1.44072538	0	100	78.9615	0	0	3
630	65	0.813455875	15.75	10.2203121	10.2203865	10.2203121	10.2204608	5.46744872e-11	1.44072538	0	100	78.9207	0	0	3
631	65	0.814774403	15.775	10.2204608	10.2203865	10.2203121	10.2204608	5.30526734e-11	1.44072538	0	100	78.9615	0	0	3
632	65	0.816092445	15.8	10.2203121	10.2203865	10.2203121	10.2204608	5.14930321e-11	1.44072538	0	100	78.9207	0	0	3
633	65	0.817410973	15.825	10.2204608	10.2203865	10.2203121	10.2204608	4.99671415e-11	1.44072538	0	100	78.9615	0	0	3
634	65	0.818729015	15.85	10.2203121	10.2203865	10.2203121	10.2204608	4.84998708e-11	1.44072538	0	100	78.9207	0	0	3
635	65	0.820047543	15.875	10.2204608	10.2203865	10.2203121	10.2204608	4.70663508e-11	1.44072538	0	100	78.9615	0	0	3
636	65	0.821365584	15.9	10.2203121	10.2203865	10.2203121	10.2204608	4.56878979e-11	1.44072538	0	100	78.9207	0	0	3
637	65	0.822684112	15.925	10.2204608	10.2203865	10.2203121	10.2204608	4.4334314e-11	1.44072538	0	100	78.9615	0	0	3
638	65	0.824002154	15.95	10.2203121	10.2203865	10.2203121	10.2204608	4.30393499e-11	1.44072538	0	100	78.9207	0	0	3
639	66	0.825320682	15.975	10.2204608	10.2203865	10.2203121	10.2204608	4.17621493e-11	1.44072538	0	100	78.9615	0	0	3
640	66	0.826638724	16	10.2203121	10.2203865	10.2203121	10.2204608	4.05400158e-11	1.44072538	0	100	78.9207	0	0	3
641	66	0.827957252	16.025	10.2204608	10.2203865	10.2203121	10.2204608	3.93409749e-11	1.44072538	0	100	78.9615	0	0	3
642	66	0.829275294	16.05	10.2203121	10.2203865	10.2203121	10.2204608	3.81898957e-11	1.44072538	0	100	78.9207	0	0	3
643	66	0.830593822	16.075	10.2204608	10.2203865	10.2203121	10.2204608	3.70583564e-11	1.44072538	0	100	78.9615	0	0	3
644	66	0.831911863	16.1	10.2203121	10.2203865	10.2203121	10.2204608	3.59747787e-11	1.44072538	0	100	78.9207	0	0	3
645	66	0.833230391	16.125	10.2204608	10.22039	10.2203121	10.2204608	3.53966077e-06	1.44072538	0	100	78.9615	0	0	3
646	66	0.834548433	16.15	10.2203121	10.220383	10.2203121	10.2204608	7.07930914e-06	1.44072538	0	100	78.9207	0	0	3
647	66	0.835866961	16.175	10.2204608	10.22039	10.2203121	10.2204608	7.07931183e-06	1.44072538	0	100	78.9615	0	0	3
648	66	0.837185003	16.2	10.2203121	10.220383	10.2203121	10.2204608	7.07931183e-06	1.44072538	0	100	78.9207	0	0	3
649	67	0.838503531	16.225	10.2204608	10.22039	10.2203121	10.2204608	7.07931437e-06	1.44072538	0	100	78.9615	0	0	3
650	67	0.839821573	16.25	10.2203121	10.220383	10.2203121	10.2204608	7.07931437e-06	1.44072538	0	100	78.9207	0	0	3
651	67	0.841140101	16.275	10.2204608	10.22039	10.2203121	10.2204608	7.07931676e-06	1.44072538	0	100	78.9615	0	0	3
652	67	0.842458143	16.3	10.2203121	10.220383	10.2203121	10.2204608	7.07931676e-06	1.44072538	0	100	78.9207	0	0	3
653	67	0.843776671	16.325	10.2204608	10.22039	10.2203121	10.2204608	7.07931902e-06	1.44072538	0	100	78.9615	0	0	3
654	67	0.845094712	16.35	10.2203121	10.220383	10.2203121	10.2204608	7.07931902e-06	1.44072538	0	100	78.9207	0	0	3
655	67	0.84641324	16.375	10.2204608	10.22039	10.2203121	10.2204608	7.07932114e-06	1.44072538	0	100	78.9615	0	0	3
656	67	0.847731282	16.4	10.2203121	10.220383	10.2203121	10.2204608	7.07932114e-06	1.44072538	0	100	78.9207	0	0	3
657	67	0.84904981	16.425	10.2204608	10.22039	10.2203121	10.2204608	7.07932314e-06	1.44072538	0	100	78.9615	0	0	3
658	68	0.850367852	16.45	10.2203121	10.220383	10.2203121	10.2204608	7.07932314e-06	1.44072538	0	100	78.9207	0	0	3
659	68	0.85168638	16.475	10.2204608	10.22039	10.2203121	10.2204608	7.07932502e-06	1.44072538	0	100	78.9615	0	0	3
660	68	0.853004422	16.5	10.2203121	10.220383	10.2203121	10.2204608	7.07932502e-06	1.44072538	0	100	78.9207	0	0	3
661	68	0.85432295	16.525	10.2204608	10.22039	10.2203121	10.2204608	7.0793268e-06	1.44072538	0	100	78.9615	0	0	3
662	68	0.855640991	16.55	10.2203121	10.220383	10.2203121	10.2204608	7.0793268e-06	1.44072538	0	100	78.9207	0	0	3
663	68	0.856959519	16.575	10.2204608	10.22039	10.2203121	10.2204608	7.07932848e-06	1.44072538	0	100	78.9615	0	0	3
664	68	0.858277561	16.6	10.2203121	10.220383	10.2203121	10.2204608	7.07932848e-06	1.44072538	0	100	78.9207	0	0	3
665	68	0.859596089	16.625	10.2204608	10.22039	10.2203121	10.2204608	7.07933005e-06	1.44072538	0	100	78.9615	0	0	3
666	68	0.860914131	16.65	10.2203121	10.220383	10.2203121	10.2204608	7.07933005e-06	1.44072538	0	100	78.9207	0	0	3
667	68	0.862232659	16.675	10.2204608	10.22039	10.2203121	10.2204608	7.07932892e-06	1.44072538	0	100	78.9615	0	0	3
668	69	0.863550701	16.7	10.2203121	10.220383	10.2203121	10.2204608	7.07932892e-06	1.44072538	0	100	78.9207	0	0	3
669	69	0.864869229	16.725	10.2204608	10.22039	10.2203121	10.2204608	7.07932785e-06	1.44072538	0	100	78.9615	0	0	3
670	69	0.866187271	16.75	10.2203121	10.220383	10.2203121	10.2204608	7.07932785e-06	1.44072538	0	100	78.9207	0	0	3
671	69	0.867505798	16.775	10.2204608	10.22039	10.2203121	10.2204608	7.07932685e-06	1.44072538	0	100	78.9615	0	0	3
672	69	0.86882384	16.8	10.2203121	10.220383	10.2203121	10.2204608	7.07932685e-06	1.44072538	0	100	78.9207	0	0	3
673	69	0.870142368	16.825	10.2204608	10.22039	10.2203121	10.2204608	7.0793259e-06	1.44072538	0	100	78.9615	0	0	3
674	69	0.87146041	16.85	10.2203121	10.220383	10.2203121	10.2204608	7.0793259e-06	1.44072538	0	100	78.9207	0	0	3
675	69	0.872778938	16.875	10.2204608	10.22039	10.2203121	10.2204608	7.07932502e-06	1.44072538	0	100	78.9615	0	0	3
676	69	0.87409698	16.9	10.2203121	10.220383	10.2203121	10.2204608	7.07932502e-06	1.44072538	0	100	78.9207	0	0	3
677	69	0.875415508	16.925	10.2204608	10.22039	10.2203121	10.2204608	7.07932418e-06	1.44072538	0	100	78.9615	0	0	3
678	70	0.87673355	16.95	10.2203121	10.220383	10.2203121	10.2204608	7.07932418e-06	1.44072538	0	100	78.9207	0	0	3
679	70	0.878052078	16.975	10.2204608	10.22039	10.2203121	10.2204608	7.07932338e-06	1.44072538	0	100	78.9615	0	0	3
680	70	0.879370119	17	10.2203121	10.220383	10.2203121	10.2204608	7.07932338e-06	1.44072538	0	100	78.9207	0	0	3
681	70	0.880688647	17.025	10.2204608	10.22039	10.2203121	10.2204608	7.07932264e-06	1.44072538	0	100	78.9615	0	0	3
682	70	0.882006689	17.05	10.2203121	10.220383	10.2203121	10.2204608	7.07932264e-06	1.44072538	0	100	78.9207	0	0	3
683	70	0.883325217	17.075	10.2204608	10.22039	10.2203121	10.2204608	7.07932193e-06	1.44072538	0	100	78.9615	0	0	3
684	70	0.884643259	17.1	10.2203121	10.220383	10.2203121	10.2204608	7.07932193e-06	1.44072538	0	100	78.9207	0	0	3
685	70	0.885961787	17.125	10.2204608	10.22039	10.2203121	10.2204608	7.07932127e-06	1.44072538	0	100	78.9615	0	0	3
686	70	0.887279829	17.15	10.2203121	10.220383	10.2203121	10.2204608	7.07932127e-06	1.44072538	0	100	78.9207	0	0	3
687	71	0.888598357	17.175	10.2204608	10.22039	10.2203121	10.2204608	7.07932065e-06	1.44072538	0	100	78.9615	0	0	3
688	71	0.889916398	17.2	10.2203121	10.220383	10.2203121	10.2204608	7.07932065e-06	1.44072538	0	100	78.9207	0	0	3
689	71	0.891234926	17.225	10.2204608	10.22039	10.2203121	10.2204608	7.07932005e-06	1.44072538	0	100	78.9615	0	0	3
690	71	0.892552968	17.25	10.2203121	10.220383	10.2203121	10.2204608	7.07932005e-06	1.44072538	0	100	78.9207	0	0	3
691	71	0.893871496	17.275	10.2204608	10.22039	10.2203121	10.2204608	7.07931951e-06	1.44072538	0	100	78.9615	0	0	3
692	71	0.895189538	17.3	10.2203121	10.220383	10.2203121	10.2204608	7.07931951e-06	1.44072538	0	100	78.9207	0	0	3
693	71	0.896508066	17.325	10.2204608	10.22039	10.2203121	10.2204608	7.07931898e-06	1.44072538	0	100	78.9615	0	0	3
694	71	0.897826108	17.35	10.2203121	10.220383	10.2203121	10.2204608	7.07931898e-06	1.44072538	0	100	78.9207	0	0	3
695	71	0.899144636	17.375	10.2204608	10.22039	10.2203121	10.2204608	7.07931849e-06	1.44072538	0	100	78.9615	0	0	3
696	72	0.900462678	17.4	10.2203121	10.220383	10.2203121	10.2204608	7.07931849e-06	1.44072538	0	100	78.9207	0	0	3
697	72	0.901781205	17.425	10.2204608	10.22039	10.2203121	10.2204608	7.07931803e-06	1.44072538	0	100	78.9615	0	0	3
698	72	0.903099247	17.45	10.2203121	10.220383	10.2203121	10.2204608	7.07931803e-06	1.44072538	0	100	78.9207	0	0	3
699	72	0.904417775	17.475	10.2204608	10.22039	10.2203121	10.2204608	7.07931759e-06	1.44072538	0	100	78.9615	0	0	3
700	72	0.905735817	17.5	10.2203121	10.220383	10.2203121	10.2204608	7.07931759e-06	1.44072538	0	100	78.9207	0	0	3
701	72	0.907054345	17.525	10.2204608	10.22039	10.2203121	10.2204608	7.07931718e-06	1.44072538	0	100	78.9615	0	0	3
702	72	0.908372387	17.55	10.2203121	10.220383	10.2203121	10.2204608	7.07931718e-06	1.44072538	0	100	78.9207	0	0	3
703	72	0.909690915	17.575	10.2204608	10.22039	10.2203121	10.2204608	7.07931679e-06	1.44072538	0	100	78.9615	0	0	3
704	72	0.911008957	17.6	10.2203121	10.220383	10.2203121	10.2204608	7.07931679e-06	1.44072538	0	100	78.9207	0	0	3
705	72	0.912327485	17.625	10.2204608	10.22039	10.2203121	10.2204608	7.07931643e-06	1.44072538	0	100	78.9615	0	0	3
706	73	0.913645526	17.65	10.2203121	10.220383	10.2203121	10.2204608	7.07931643e-06	1.44072538	0	100	78.9207	0	0	3
707	73	0.914964054	17.675	10.2204608	10.22039	10.2203121	10.2204608	7.07931608e-06	1.44072538	0	100	78.9615	0	0	3
708	73	0.916282096	17.7	10.2203121	10.220383	10.2203121	10.2204608	7.07931608e-06	1.44072538	0	100	78.9207	0	0	3
709	73	0.917600624	17.725	10.2204608	10.22039	10.2203121	10.2204608	7.07931576e-06	1.44072538	0	100	78.9615	0	0	3
710	73	0.918918666	17.75	10.2203121	10.220383	10.2203121	10.2204608	7.07931576e-06	1.44072538	0	100	78.9207	0	0	3
711	73	0.920237194	17.775	10.2204608	10.22039	10.2203121	10.2204608	7.07931545e-06	1.44072538	0	100	78.9615	0	0	3
712	73	0.921555236	17.8	10.2203121	10.220383	10.2203121	10.2204608	7.07931545e-06	1.44072538	0	100	78.9207	0	0	3
713	73	0.922873764	17.825	10.2204608	10.22039	10.2203121	10.2204608	7.07931517e-06	1.44072538	0	100	78.9615	0	0	3
714	73	0.924191805	17.85	10.2203121	10.220383	10.2203121	10.2204608	7.07931517e-06	1.44072538	0	100	78.9207	0	0	3
715	74	0.925510333	17.875	10.2204608	10.22039	10.2203121	10.2204608	7.0793149e-06	1.44072538	0	100	78.9615	0	0	3
716	74	0.926828375	17.9	10.2203121	10.220383	10.2203121	10.2204608	7.0793149e-06	1.44072538	0	100	78.9207	0	0	3
717	74	0.928146903	17.925	10.2204608	10.22039	10.2203121	10.2204608	7.07931464e-06	1.44072538	0	100	78.9615	0	0	3
718	74	0.929464945	17.95	10.2203121	10.220383	10.2203121	10.2204608	7.07931464e-06	1.44072538	0	100	78.9207	0	0	3
719	74	0.930783473	17.975	10.2204608	10.22039	10.2203121	10.2204608	7.0793144e-06	1.44072538	0	100	78.9615	0	0	3
720	74	0.932101515	18	10.2203121	10.220383	10.2203121	10.2204608	7.0793144e-06	1.44072538	0	100	78.9207	0	0	3
721	74	0.933420043	18.025	10.2204608	10.22039	10.2203121	10.2204608	7.07931418e-06	1.44072538	0	100	78.9615	0	0	3
722	74	0.934738085	18.05	10.2203121	10.220383	10.2203121	10.2204608	7.07931418e-06	1.44072538	0	100	78.9207	0	0	3
723	74	0.936056613	18.075	10.2204608	10.22039	10.2203121	10.2204608	7.07931397e-06	1.44072538	0	100	78.9615	0	0	3
724	75	0.937374654	18.1	10.2203121	10.220383	10.2203121	10.2204608	7.07931397e-06	1.44072538	0	100	78.9207	0	0	3
725	75	0.938693182	18.125	10.2204608	10.22039	10.2203121	10.2204608	7.07931376e-06	1.44072538	0	100	78.9615	0	0	3
726	75	0.940011224	18.15	10.2203121	10.220383	10.2203121	10.2204608	7.07931376e-06	1.44072538	0	100	78.9207	0	0	3
727	75	0.941329752	18.175	10.2204608	10.22039	10.2203121	10.2204608	7.07931357e-06	1.44072538	0	100	78.9615	0	0	3
728	75	0.942647794	18.2	10.2203121	10.220383	10.2203121	10.2204608	7.07931357e-06	1.44072538	0	100	78.9207	0	0	3
729	75	0.943966322	18.225	10.2204608	10.22039	10.2203121	10.2204608	7.0793134e-06	1.44072538	0	100	78.9615	0	0	3
730	75	0.945284364	18.25	10.2203121	10.220383	10.2203121	10.2204608	7.0793134e-06	1.44072538	0	100	78.9207	0	0	3
731	75	0.946602892	18.275	10.2204608	10.22039	10.2203121	10.2204608	7.07931323e-06	1.44072538	0	100	78.9615	0	0	3
732	75	0.947920933	18.3	10.2203121	10.220383	10.2203121	10.2204608	7.07931323e-06	1.44072538	0	100	78.9207	0	0	3
733	75	0.949239461	18.325	10.2204608	10.22039	10.2203121	10.2204608	7.07931307e-06	1.44072538	0	100	78.9615	0	0	3
734	76	0.950557503	18.35	10.2203121	10.220383	10.2203121	10.2204608	7.07931307e-06	1.44072538	0	100	78.9207	0	0	3
735	76	0.951876031	18.375	10.2204608	10.22039	10.2203121	10.2204608	7.07931292e-06	1.44072538	0	100	78.9615	0	0	3
736	76	0.953194073	18.4	10.2203121	10.220383	10.2203121	10.2204608	7.07931292e-06	1.44072538	0	100	78.9207	0	0	3
737	76	0.954512601	18.425	10.2204608	10.22039	10.2203121	10.2204608	7.07931278e-06	1.44072538	0	100	78.9615	0	0	3
738	76	0.955830643	18.45	10.2203121	10.220383	10.2203121	10.2204608	7.07931278e-06	1.44072538	0	100	78.9207	0	0	3
739	76	0.957149171	18.475	10.2204608	10.22039	10.2203121	10.2204608	7.07931265e-06	1.44072538	0	100	78.9615	0	0	3
740	76	0.958467213	18.5	10.2203121	10.220383	10.2203121	10.2204608	7.07931265e-06	1.44072538	0	100	78.9207	0	0	3
741	76	0.95978574	18.525	10.2204608	10.22039	10.2203121	10.2204608	7.07931252e-06	1.44072538	0	100	78.9615	0	0	3
742	76	0.961103782	18.55	10.2203121	10.220383	10.2203121	10.2204608	7.07931252e-06	1.44072538	0	100	78.9207	0	0	3
743	77	0.96242231	18.575	10.2204608	10.22039	10.2203121	10.2204608	7.07931241e-06	1.44072538	0	100	78.9615	0	0	3
744	77	0.963740352	18.6	10.2203121	10.220383	10.2203121	10.2204608	7.07931241e-06	1.44072538	0	100	78.9207	0	0	3
745	77	0.96505888	18.625	10.2204608	10.22039	10.2203121	10.2204608	7.0793123e-06	1.44072538	0	100	78.9615	0	0	3
746	77	0.966376922	18.65	10.2203121	10.220383	10.2203121	10.2204608	7.0793123e-06	1.44072538	0	100	78.9207	0	0	3
747	77	0.96769545	18.675	10.2204608	10.22039	10.2203121	10.2204608	7.07931219e-06	1.44072538	0	100	78.9615	0	0	3
748	77	0.969013492	18.7	10.2203121	10.220383	10.2203121	10.2204608	7.07931219e-06	1.44072538	0	100	78.9207	0	0	3
749	77	0.97033202	18.725	10.2204608	10.22039	10.2203121	10.2204608	7.07931209e-06	1.44072538	0	100	78.9615	0	0	3
750	77	0.971650061	18.75	10.2203121	10.220383	10.2203121	10.2204608	7.07931209e-06	1.44072538	0	100	78.9207	0	0	3
751	77	0.972968589	18.775	10.2204608	10.22039	10.2203121	10.2204608	7.079312e-06	1.44072538	0	100	78.9615	0	0	3
752	78	0.974286631	18.8	10.2203121	10.220383	10.2203121	10.2204608	7.079312e-06	1.44072538	0	100	78.9207	0	0	3
753	78	0.975605159	18.825	10.2204608	10.22039	10.2203121	10.2204608	7.07931192e-06	1.44072538	0	100	78.9615	0	0	3
754	78	0.976923201	18.85	10.2203121	10.220383	10.2203121	10.2204608	7.07931192e-06	1.44072538	0	100	78.9207	0	0	3
755	78	0.978241729	18.875	10.2204608	10.22039	10.2203121	10.2204608	7.07931183e-06	1.44072538	0	100	78.9615	0	0	3
756	78	0.979559771	18.9	10.2203121	10.220383	10.2203121	10.2204608	7.07931183e-06	1.44072538	0	100	78.9207	0	0	3
757	78	0.980878299	18.925	10.2204608	10.22039	10.2203121	10.2204608	7.07931175e-06	1.44072538	0	100	78.9615	0	0	3
758	78	0.98219634	18.95	10.2203121	10.220383	10.2203121	10.2204608	7.07931175e-06	1.44072538	0	100	78.9207	0	0	3
759	78	0.983514868	18.975	10.2204608	10.22039	10.2203121	10.2204608	7.07931168e-06	1.44072538	0	100	78.9615	0	0	3
760	79	0.98483291	19	10.2203121	10.220383	10.2203121	10.2204608	7.07931168e-06	1.44072538	0	100	78.9207	0	0	3
761	79	0.986151438	19.025	10.2204608	10.22039	10.2203121	10.2204608	7.07931161e-06	1.44072538	0	100	78.9615	0	0	3
762	79	0.98746948	19.05	10.2203121	10.220383	10.2203121	10.2204608	7.07931161e-06	1.44072538	0	100	78.9207	0	0	3
763	79	0.988788008	19.075	10.2204608	10.22039	10.2203121	10.2204608	7.07931154e-06	1.44072538	0	100	78.9615	0	0	3
764	79	0.99010605	19.1	10.2203121	10.220383	10.2203121	10.2204608	7.07931154e-06	1.44072538	0	100	78.9207	0	0	3
765	79	0.991424578	19.125	10.2204608	10.22039	10.2203121	10.2204608	7.07931149e-06	1.44072538	0	100	78.9615	0	0	3
766	79	0.99274262	19.15	10.2203121	10.220383	10.2203121	10.2204608	7.07931149e-06	1.44072538	0	100	78.9207	0	0	3
767	79	0.994061147	19.175	10.2204608	10.22039	10.2203121	10.2204608	7.07931143e-06	1.44072538	0	100	78.9615	0	0	3
768	79	0.995379189	19.2	10.2203121	10.220383	10.2203121	10.2204608	7.07931143e-06	1.44072538	0	100	78.9207	0	0	3
769	80	0.996697717	19.225	10.2204608	10.22039	10.2203121	10.2204608	7.07931137e-06	1.44072538	0	100	78.9615	0	0	3
770	80	0.998015759	19.25	10.2203121	10.220383	10.2203121	10.2204608	7.07931137e-06	1.44072538	0	100	78.9207	0	0	3
771	80	0.999334287	19.275	10.2204608	10.22039	10.2203121	10.2204608	7.07931132e-06	1.44072538	0	100	78.9615	0	0	3
772	80	1	19.3	10.2203117	10.2203847	10.2203117	10.2204608	7.07931132e-06	1.44072538	0	100	78.9291	0	0	3
