Iteration	CPUTime	PhysTime	Travels
1	0	0.000279645314	0.025
2	0	0.00054667319	0.05
3	0	0.000805695405	0.075
4	0	0.00105736604	0.1
5	0	0.00132395021	0.125
6	0	0.00191705449	0.15
7	0	0.00293097299	0.175
8	0	0.00384184351	0.2
9	0	0.00457049208	0.225
10	0	0.00519619828	0.25
11	0	0.00602898841	0.275
12	1	0.00675594734	0.3
13	1	0.00741343304	0.325
14	1	0.00802034335	0.35
15	1	0.00858840123	0.375
16	1	0.00939348485	0.4
17	1	0.0101446453	0.425
18	1	0.0108547645	0.45
19	1	0.0115328118	0.475
20	1	0.0121814757	0.5
21	1	0.0131204142	0.525
22	1	0.0140181567	0.55
23	1	0.0148844193	0.575
24	1	0.0157253065	0.6
25	1	0.0165446196	0.625
26	1	0.0177456609	0.65
27	1	0.0189127862	0.675
28	1	0.0200527148	0.7
29	1	0.0211711007	0.725
30	1	0.0222739199	0.75
31	2	0.023706742	0.775
32	2	0.0251178678	0.8
33	2	0.0265118668	0.825
34	2	0.0278904925	0.85
35	2	0.0292565061	0.875
36	2	0.030610396	0.9
37	2	0.0319544324	0.925
38	2	0.0332895031	0.95
39	2	0.0346166375	0.975
40	2	0.0359367749	1
41	2	0.0372508069	1.025
42	2	0.0385594708	1.05
43	2	0.0398635211	1.075
44	2	0.0411636118	1.1
45	2	0.0424602919	1.125
46	2	0.0437541515	1.15
47	2	0.045045659	1.175
48	2	0.0463352301	1.2
49	3	0.0476236746	1.225
50	3	0.0489112882	1.25
51	3	0.0501983252	1.275
52	3	0.0514862181	1.3
53	3	0.0527784194	1.325
54	3	0.0540781865	1.35
55	3	0.0553835405	1.375
56	3	0.0566926683	1.4
57	3	0.0580040409	1.425
58	3	0.0593156515	1.45
59	3	0.0606276557	1.475
60	3	0.0619395412	1.5
61	3	0.0632505764	1.525
62	3	0.0645645886	1.55
63	4	0.0658806713	1.575
64	4	0.0671990536	1.6
65	4	0.0685187045	1.625
66	4	0.0698401806	1.65
67	4	0.0711621427	1.675
68	4	0.0724850448	1.7
69	4	0.0738079345	1.725
70	4	0.0751312473	1.75
71	4	0.07645419	1.775
72	4	0.0777773979	1.8
73	4	0.0791001057	1.825
74	4	0.0804230008	1.85
75	4	0.0817453482	1.875
76	5	0.0830679069	1.9
77	5	0.0843897883	1.925
78	5	0.0857119962	1.95
79	5	0.0870336599	1.975
80	5	0.0883554462	2
81	5	0.0896769994	2.025
82	5	0.090998512	2.05
83	5	0.092319574	2.075
84	5	0.0936410438	2.1
85	5	0.0949619462	2.125
86	5	0.0962830535	2.15
87	5	0.0976039724	2.175
88	5	0.0989248899	2.2
89	5	0.100245409	2.225
90	5	0.101566243	2.25
91	5	0.102886472	2.275
92	6	0.104206891	2.3
93	6	0.105527051	2.325
94	6	0.106847164	2.35
95	6	0.108166744	2.375
96	6	0.10948645	2.4
97	6	0.110805391	2.425
98	6	0.11212443	2.45
99	6	0.113443701	2.475
100	6	0.114762196	2.5
101	6	0.116080978	2.525
102	6	0.117399451	2.55
103	6	0.118718212	2.575
104	6	0.120036592	2.6
105	6	0.121355279	2.625
106	6	0.122673569	2.65
107	7	0.123992202	2.675
108	7	0.125310308	2.7
109	7	0.126628842	2.725
110	7	0.127946953	2.75
111	7	0.129265513	2.775
112	7	0.130583608	2.8
113	7	0.131902189	2.825
114	7	0.133220275	2.85
115	7	0.134538842	2.875
116	7	0.135856901	2.9
117	7	0.137175423	2.925
118	7	0.138493438	2.95
119	7	0.139811919	2.975
120	7	0.141129901	3
121	7	0.142448363	3.025
122	7	0.143766335	3.05
123	8	0.145084797	3.075
124	12	0.146402776	3.1
125	12	0.14772125	3.125
126	13	0.149039243	3.15
127	13	0.150357733	3.175
128	13	0.151675742	3.2
129	13	0.152994247	3.225
130	13	0.154312271	3.25
131	13	0.15563079	3.275
132	13	0.156948827	3.3
133	13	0.158267357	3.325
134	13	0.159585405	3.35
135	13	0.160903944	3.375
136	13	0.162222	3.4
137	13	0.163540546	3.425
138	13	0.164858608	3.45
139	13	0.16617716	3.475
140	13	0.167495227	3.5
141	14	0.168813783	3.525
142	14	0.170131853	3.55
143	14	0.171450411	3.575
144	14	0.172768483	3.6
145	14	0.174087043	3.625
146	14	0.175405116	3.65
147	14	0.176723676	3.675
148	14	0.178041748	3.7
149	14	0.179360307	3.725
150	14	0.180678379	3.75
151	14	0.181996937	3.775
152	14	0.183315008	3.8
153	14	0.184633564	3.825
154	14	0.185951632	3.85
155	15	0.187270187	3.875
156	15	0.188588253	3.9
157	15	0.189906805	3.925
158	15	0.19122487	3.95
159	15	0.192543419	3.975
160	15	0.193861481	4
161	15	0.195180029	4.025
162	15	0.196498089	4.05
163	15	0.197816634	4.075
164	15	0.199134692	4.1
165	15	0.200453235	4.125
166	15	0.201771291	4.15
167	15	0.203089833	4.175
168	15	0.204407887	4.2
169	16	0.205726427	4.225
170	16	0.20704448	4.25
171	16	0.208363018	4.275
172	16	0.20968107	4.3
173	16	0.210999607	4.325
174	16	0.212317658	4.35
175	16	0.213636194	4.375
176	16	0.214954244	4.4
177	16	0.21627278	4.425
178	16	0.217590828	4.45
179	16	0.218909363	4.475
180	16	0.220227412	4.5
181	16	0.221545946	4.525
182	16	0.222863994	4.55
183	17	0.224182528	4.575
184	17	0.225500576	4.6
185	17	0.226819109	4.625
186	17	0.228137156	4.65
187	17	0.22945569	4.675
188	17	0.230773737	4.7
189	17	0.23209227	4.725
190	17	0.233410317	4.75
191	17	0.23472885	4.775
192	17	0.236046897	4.8
193	17	0.23736543	4.825
194	17	0.238683476	4.85
195	17	0.240002009	4.875
196	18	0.241320056	4.9
197	18	0.242638588	4.925
198	18	0.243956635	4.95
199	18	0.245275168	4.975
200	18	0.246593214	5
201	18	0.247911746	5.025
202	18	0.249229793	5.05
203	18	0.250548325	5.075
204	18	0.251866371	5.1
205	18	0.253184903	5.125
206	18	0.254502949	5.15
207	18	0.255821481	5.175
208	18	0.257139527	5.2
209	18	0.258458059	5.225
210	19	0.259776105	5.25
211	19	0.261094637	5.275
212	19	0.262412682	5.3
213	19	0.263731214	5.325
214	19	0.265049259	5.35
215	19	0.26636779	5.375
216	19	0.267685836	5.4
217	19	0.269004367	5.425
218	19	0.270322412	5.45
219	19	0.271640943	5.475
220	19	0.272958988	5.5
221	19	0.274277519	5.525
222	19	0.275595563	5.55
223	20	0.276914094	5.575
224	20	0.278232138	5.6
225	20	0.279550669	5.625
226	20	0.280868713	5.65
227	20	0.282187243	5.675
228	20	0.283505288	5.7
229	20	0.284823818	5.725
230	20	0.286141862	5.75
231	20	0.287460392	5.775
232	20	0.288778435	5.8
233	20	0.290096965	5.825
234	20	0.291415009	5.85
235	20	0.292733539	5.875
236	20	0.294051582	5.9
237	21	0.295370112	5.925
238	21	0.296688155	5.95
239	21	0.298006685	5.975
240	21	0.299324728	6
241	21	0.300643257	6.025
242	21	0.3019613	6.05
243	21	0.30327983	6.075
244	21	0.304597873	6.1
245	21	0.305916402	6.125
246	21	0.307234445	6.15
247	21	0.308552974	6.175
248	21	0.309871017	6.2
249	21	0.311189546	6.225
250	21	0.312507588	6.25
251	22	0.313826117	6.275
252	22	0.31514416	6.3
253	22	0.316462689	6.325
254	22	0.317780732	6.35
255	22	0.31909926	6.375
256	22	0.320417303	6.4
257	22	0.321735832	6.425
258	22	0.323053874	6.45
259	22	0.324372403	6.475
260	22	0.325690445	6.5
261	22	0.327008974	6.525
262	22	0.328327017	6.55
263	22	0.329645545	6.575
264	22	0.330963588	6.6
265	23	0.332282116	6.625
266	23	0.333600159	6.65
267	23	0.334918687	6.675
268	23	0.336236729	6.7
269	23	0.337555258	6.725
270	23	0.3388733	6.75
271	23	0.340191829	6.775
272	23	0.341509871	6.8
273	23	0.342828399	6.825
274	23	0.344146442	6.85
275	23	0.34546497	6.875
276	23	0.346783012	6.9
277	23	0.348101541	6.925
278	24	0.349419583	6.95
279	24	0.350738111	6.975
280	24	0.352056153	7
281	24	0.353374682	7.025
282	24	0.354692724	7.05
283	24	0.356011252	7.075
284	24	0.357329294	7.1
285	24	0.358647823	7.125
286	24	0.359965865	7.15
287	24	0.361284393	7.175
288	24	0.362602435	7.2
289	24	0.363920963	7.225
290	24	0.365239006	7.25
291	25	0.366557534	7.275
292	25	0.367875576	7.3
293	25	0.369194104	7.325
294	25	0.370512146	7.35
295	25	0.371830674	7.375
296	25	0.373148716	7.4
297	25	0.374467245	7.425
298	25	0.375785287	7.45
299	25	0.377103815	7.475
300	25	0.378421857	7.5
301	25	0.379740385	7.525
302	25	0.381058427	7.55
303	26	0.382376955	7.575
304	26	0.383694997	7.6
305	26	0.385013525	7.625
306	26	0.386331567	7.65
307	26	0.387650095	7.675
308	26	0.388968137	7.7
309	26	0.390286665	7.725
310	26	0.391604707	7.75
311	26	0.392923235	7.775
312	26	0.394241277	7.8
313	26	0.395559805	7.825
314	26	0.396877847	7.85
315	27	0.398196375	7.875
316	27	0.399514417	7.9
317	27	0.400832945	7.925
318	27	0.402150987	7.95
319	27	0.403469515	7.975
320	27	0.404787557	8
321	27	0.406106085	8.025
322	27	0.407424127	8.05
323	27	0.408742655	8.075
324	27	0.410060697	8.1
325	27	0.411379225	8.125
326	27	0.412697267	8.15
327	28	0.414015795	8.175
328	28	0.415333837	8.2
329	28	0.416652365	8.225
330	28	0.417970407	8.25
331	28	0.419288935	8.275
332	28	0.420606977	8.3
333	28	0.421925505	8.325
334	28	0.423243547	8.35
335	28	0.424562075	8.375
336	28	0.425880117	8.4
337	28	0.427198645	8.425
338	28	0.428516687	8.45
339	29	0.429835215	8.475
340	29	0.431153257	8.5
341	29	0.432471785	8.525
342	29	0.433789826	8.55
343	29	0.435108354	8.575
344	29	0.436426396	8.6
345	29	0.437744924	8.625
346	29	0.439062966	8.65
347	29	0.440381494	8.675
348	29	0.441699536	8.7
349	29	0.443018064	8.725
350	29	0.444336106	8.75
351	30	0.445654634	8.775
352	30	0.446972676	8.8
353	30	0.448291204	8.825
354	30	0.449609246	8.85
355	30	0.450927774	8.875
356	30	0.452245815	8.9
357	30	0.453564343	8.925
358	30	0.454882385	8.95
359	30	0.456200913	8.975
360	30	0.457518955	9
361	30	0.458837483	9.025
362	30	0.460155525	9.05
363	31	0.461474053	9.075
364	31	0.462792095	9.1
365	31	0.464110623	9.125
366	31	0.465428665	9.15
367	31	0.466747193	9.175
368	31	0.468065234	9.2
369	31	0.469383762	9.225
370	31	0.470701804	9.25
371	31	0.472020332	9.275
372	31	0.473338374	9.3
373	31	0.474656902	9.325
374	32	0.475974944	9.35
375	32	0.477293472	9.375
376	32	0.478611514	9.4
377	32	0.479930042	9.425
378	32	0.481248083	9.45
379	32	0.482566611	9.475
380	32	0.483884653	9.5
381	32	0.485203181	9.525
382	32	0.486521223	9.55
383	32	0.487839751	9.575
384	32	0.489157793	9.6
385	32	0.490476321	9.625
386	33	0.491794363	9.65
387	33	0.493112891	9.675
388	33	0.494430932	9.7
389	33	0.49574946	9.725
390	33	0.497067502	9.75
391	33	0.49838603	9.775
392	33	0.499704072	9.8
393	33	0.5010226	9.825
394	33	0.502340642	9.85
395	33	0.50365917	9.875
396	33	0.504977212	9.9
397	33	0.50629574	9.925
398	34	0.507613781	9.95
399	34	0.508932309	9.975
400	34	0.510250351	10
401	34	0.511568879	10.025
402	34	0.512886921	10.05
403	34	0.514205449	10.075
404	34	0.515523491	10.1
405	34	0.516842019	10.125
406	34	0.518160061	10.15
407	34	0.519478588	10.175
408	34	0.52079663	10.2
409	35	0.522115158	10.225
410	35	0.5234332	10.25
411	35	0.524751728	10.275
412	35	0.52606977	10.3
413	35	0.527388298	10.325
414	35	0.52870634	10.35
415	35	0.530024868	10.375
416	35	0.531342909	10.4
417	35	0.532661437	10.425
418	35	0.533979479	10.45
419	35	0.535298007	10.475
420	36	0.536616049	10.5
421	36	0.537934577	10.525
422	36	0.539252619	10.55
423	36	0.540571147	10.575
424	36	0.541889189	10.6
425	36	0.543207716	10.625
426	36	0.544525758	10.65
427	36	0.545844286	10.675
428	36	0.547162328	10.7
429	36	0.548480856	10.725
430	36	0.549798898	10.75
431	36	0.551117426	10.775
432	37	0.552435468	10.8
433	37	0.553753996	10.825
434	37	0.555072037	10.85
435	37	0.556390565	10.875
436	37	0.557708607	10.9
437	37	0.559027135	10.925
438	37	0.560345177	10.95
439	37	0.561663705	10.975
440	37	0.562981747	11
441	37	0.564300275	11.025
442	37	0.565618317	11.05
443	38	0.566936844	11.075
444	38	0.568254886	11.1
445	38	0.569573414	11.125
446	38	0.570891456	11.15
447	38	0.572209984	11.175
448	38	0.573528026	11.2
449	38	0.574846554	11.225
450	38	0.576164596	11.25
451	38	0.577483124	11.275
452	38	0.578801165	11.3
453	38	0.580119693	11.325
454	39	0.581437735	11.35
455	39	0.582756263	11.375
456	39	0.584074305	11.4
457	39	0.585392833	11.425
458	39	0.586710875	11.45
459	39	0.588029403	11.475
460	39	0.589347445	11.5
461	39	0.590665972	11.525
462	39	0.591984014	11.55
463	39	0.593302542	11.575
464	39	0.594620584	11.6
465	40	0.595939112	11.625
466	40	0.597257154	11.65
467	40	0.598575682	11.675
468	40	0.599893724	11.7
469	40	0.601212252	11.725
470	40	0.602530293	11.75
471	40	0.603848821	11.775
472	40	0.605166863	11.8
473	40	0.606485391	11.825
474	40	0.607803433	11.85
475	40	0.609121961	11.875
476	40	0.610440003	11.9
477	41	0.611758531	11.925
478	41	0.613076572	11.95
479	41	0.6143951	11.975
480	41	0.615713142	12
481	41	0.61703167	12.025
482	41	0.618349712	12.05
483	41	0.61966824	12.075
484	41	0.620986282	12.1
485	41	0.62230481	12.125
486	41	0.623622852	12.15
487	41	0.62494138	12.175
488	42	0.626259421	12.2
489	42	0.627577949	12.225
490	42	0.628895991	12.25
491	42	0.630214519	12.275
492	42	0.631532561	12.3
493	42	0.632851089	12.325
494	42	0.634169131	12.35
495	42	0.635487659	12.375
496	42	0.6368057	12.4
497	42	0.638124228	12.425
498	42	0.63944227	12.45
499	43	0.640760798	12.475
500	43	0.64207884	12.5
501	43	0.643397368	12.525
502	43	0.64471541	12.55
503	43	0.646033938	12.575
504	43	0.64735198	12.6
505	43	0.648670507	12.625
506	43	0.649988549	12.65
507	43	0.651307077	12.675
508	43	0.652625119	12.7
509	43	0.653943647	12.725
510	44	0.655261689	12.75
511	44	0.656580217	12.775
512	44	0.657898259	12.8
513	44	0.659216787	12.825
514	44	0.660534828	12.85
515	44	0.661853356	12.875
516	44	0.663171398	12.9
517	44	0.664489926	12.925
518	44	0.665807968	12.95
519	44	0.667126496	12.975
520	44	0.668444538	13
521	45	0.669763066	13.025
522	45	0.671081107	13.05
523	45	0.672399635	13.075
524	45	0.673717677	13.1
525	45	0.675036205	13.125
526	45	0.676354247	13.15
527	45	0.677672775	13.175
528	45	0.678990817	13.2
529	45	0.680309345	13.225
530	45	0.681627387	13.25
531	45	0.682945914	13.275
532	46	0.684263956	13.3
533	46	0.685582484	13.325
534	46	0.686900526	13.35
535	46	0.688219054	13.375
536	46	0.689537096	13.4
537	46	0.690855624	13.425
538	46	0.692173666	13.45
539	46	0.693492194	13.475
540	56	0.694810235	13.5
541	56	0.696128763	13.525
542	56	0.697446805	13.55
543	56	0.698765333	13.575
544	56	0.700083375	13.6
545	56	0.701401903	13.625
546	56	0.702719945	13.65
547	56	0.704038473	13.675
548	56	0.705356514	13.7
549	57	0.706675042	13.725
550	57	0.707993084	13.75
551	57	0.709311612	13.775
552	57	0.710629654	13.8
553	57	0.711948182	13.825
554	57	0.713266224	13.85
555	57	0.714584752	13.875
556	57	0.715902794	13.9
557	57	0.717221322	13.925
558	57	0.718539363	13.95
559	58	0.719857891	13.975
560	58	0.721175933	14
561	58	0.722494461	14.025
562	58	0.723812503	14.05
563	58	0.725131031	14.075
564	58	0.726449073	14.1
565	58	0.727767601	14.125
566	58	0.729085642	14.15
567	58	0.73040417	14.175
568	58	0.731722212	14.2
569	58	0.73304074	14.225
570	59	0.734358782	14.25
571	59	0.73567731	14.275
572	59	0.736995352	14.3
573	59	0.73831388	14.325
574	59	0.739631922	14.35
575	59	0.740950449	14.375
576	59	0.742268491	14.4
577	59	0.743587019	14.425
578	59	0.744905061	14.45
579	59	0.746223589	14.475
580	60	0.747541631	14.5
581	60	0.748860159	14.525
582	60	0.750178201	14.55
583	60	0.751496729	14.575
584	60	0.75281477	14.6
585	60	0.754133298	14.625
586	60	0.75545134	14.65
587	60	0.756769868	14.675
588	60	0.75808791	14.7
589	60	0.759406438	14.725
590	61	0.76072448	14.75
591	61	0.762043008	14.775
592	61	0.763361049	14.8
593	61	0.764679577	14.825
594	61	0.765997619	14.85
595	61	0.767316147	14.875
596	61	0.768634189	14.9
597	61	0.769952717	14.925
598	61	0.771270759	14.95
599	61	0.772589287	14.975
600	62	0.773907329	15
601	62	0.775225856	15.025
602	62	0.776543898	15.05
603	62	0.777862426	15.075
604	62	0.779180468	15.1
605	62	0.780498996	15.125
606	62	0.781817038	15.15
607	62	0.783135566	15.175
608	62	0.784453608	15.2
609	62	0.785772136	15.225
610	63	0.787090177	15.25
611	63	0.788408705	15.275
612	63	0.789726747	15.3
613	63	0.791045275	15.325
614	63	0.792363317	15.35
615	63	0.793681845	15.375
616	63	0.794999887	15.4
617	63	0.796318415	15.425
618	63	0.797636456	15.45
619	63	0.798954984	15.475
620	64	0.800273026	15.5
621	64	0.801591554	15.525
622	64	0.802909596	15.55
623	64	0.804228124	15.575
624	64	0.805546166	15.6
625	64	0.806864694	15.625
626	64	0.808182736	15.65
627	64	0.809501264	15.675
628	64	0.810819305	15.7
629	65	0.812137833	15.725
630	65	0.813455875	15.75
631	65	0.814774403	15.775
632	65	0.816092445	15.8
633	65	0.817410973	15.825
634	65	0.818729015	15.85
635	65	0.820047543	15.875
636	65	0.821365584	15.9
637	65	0.822684112	15.925
638	65	0.824002154	15.95
639	66	0.825320682	15.975
640	66	0.826638724	16
641	66	0.827957252	16.025
642	66	0.829275294	16.05
643	66	0.830593822	16.075
644	66	0.831911863	16.1
645	66	0.833230391	16.125
646	66	0.834548433	16.15
647	66	0.835866961	16.175
648	66	0.837185003	16.2
649	67	0.838503531	16.225
650	67	0.839821573	16.25
651	67	0.841140101	16.275
652	67	0.842458143	16.3
653	67	0.843776671	16.325
654	67	0.845094712	16.35
655	67	0.84641324	16.375
656	67	0.847731282	16.4
657	67	0.84904981	16.425
658	68	0.850367852	16.45
659	68	0.85168638	16.475
660	68	0.853004422	16.5
661	68	0.85432295	16.525
662	68	0.855640991	16.55
663	68	0.856959519	16.575
664	68	0.858277561	16.6
665	68	0.859596089	16.625
666	68	0.860914131	16.65
667	68	0.862232659	16.675
668	69	0.863550701	16.7
669	69	0.864869229	16.725
670	69	0.866187271	16.75
671	69	0.867505798	16.775
672	69	0.86882384	16.8
673	69	0.870142368	16.825
674	69	0.87146041	16.85
675	69	0.872778938	16.875
676	69	0.87409698	16.9
677	69	0.875415508	16.925
678	70	0.87673355	16.95
679	70	0.878052078	16.975
680	70	0.879370119	17
681	70	0.880688647	17.025
682	70	0.882006689	17.05
683	70	0.883325217	17.075
684	70	0.884643259	17.1
685	70	0.885961787	17.125
686	70	0.887279829	17.15
687	71	0.888598357	17.175
688	71	0.889916398	17.2
689	71	0.891234926	17.225
690	71	0.892552968	17.25
691	71	0.893871496	17.275
692	71	0.895189538	17.3
693	71	0.896508066	17.325
694	71	0.897826108	17.35
695	71	0.899144636	17.375
696	72	0.900462678	17.4
697	72	0.901781205	17.425
698	72	0.903099247	17.45
699	72	0.904417775	17.475
700	72	0.905735817	17.5
701	72	0.907054345	17.525
702	72	0.908372387	17.55
703	72	0.909690915	17.575
704	72	0.911008957	17.6
705	72	0.912327485	17.625
706	73	0.913645526	17.65
707	73	0.914964054	17.675
708	73	0.916282096	17.7
709	73	0.917600624	17.725
710	73	0.918918666	17.75
711	73	0.920237194	17.775
712	73	0.921555236	17.8
713	73	0.922873764	17.825
714	73	0.924191805	17.85
715	74	0.925510333	17.875
716	74	0.926828375	17.9
717	74	0.928146903	17.925
718	74	0.929464945	17.95
719	74	0.930783473	17.975
720	74	0.932101515	18
721	74	0.933420043	18.025
722	74	0.934738085	18.05
723	74	0.936056613	18.075
724	75	0.937374654	18.1
725	75	0.938693182	18.125
726	75	0.940011224	18.15
727	75	0.941329752	18.175
728	75	0.942647794	18.2
729	75	0.943966322	18.225
730	75	0.945284364	18.25
731	75	0.946602892	18.275
732	75	0.947920933	18.3
733	75	0.949239461	18.325
734	76	0.950557503	18.35
735	76	0.951876031	18.375
736	76	0.953194073	18.4
737	76	0.954512601	18.425
738	76	0.955830643	18.45
739	76	0.957149171	18.475
740	76	0.958467213	18.5
741	76	0.95978574	18.525
742	76	0.961103782	18.55
743	77	0.96242231	18.575
744	77	0.963740352	18.6
745	77	0.96505888	18.625
746	77	0.966376922	18.65
747	77	0.96769545	18.675
748	77	0.969013492	18.7
749	77	0.97033202	18.725
750	77	0.971650061	18.75
751	77	0.972968589	18.775
752	78	0.974286631	18.8
753	78	0.975605159	18.825
754	78	0.976923201	18.85
755	78	0.978241729	18.875
756	78	0.979559771	18.9
757	78	0.980878299	18.925
758	78	0.98219634	18.95
759	78	0.983514868	18.975
760	79	0.98483291	19
761	79	0.986151438	19.025
762	79	0.98746948	19.05
763	79	0.988788008	19.075
764	79	0.99010605	19.1
765	79	0.991424578	19.125
766	79	0.99274262	19.15
767	79	0.994061147	19.175
768	79	0.995379189	19.2
769	80	0.996697717	19.225
770	80	0.998015759	19.25
771	80	0.999334287	19.275
772	80	1	19.3
