Iteration	CPUTime	PhysTime	Travels	Value	AvValue	MinValue	MaxValue	Delta	Criteria	Progress	dGMaxMin	CriteriaType	CriteriaVarType	CriteriaPercentage
1	0	0.000279645314	0.025	292.805457	292.805457	292.805457	292.805457	0	0	0	0	0.439125	0	0	3
2	0	0.00054667319	0.05	292.795071	292.800384	292.795071	292.805457	0.00507298619	0	0	0	0.429785	0	0	3
3	0	0.000805695405	0.075	292.79162	292.797566	292.79162	292.805457	0.00789027821	0	0	0	0.432747	0	0	3
4	0	0.00105736604	0.1	292.797547	292.797562	292.79162	292.805457	0.00789487435	0	0	0	0.4209	0	0	3
5	0	0.00132395021	0.125	292.798557	292.797762	292.79162	292.805457	0.00789487435	0	0	0	0.421134	0	0	3
6	0	0.00191705449	0.15	292.79973	292.798371	292.79162	292.805457	0.00789487435	0	0	0	0.419359	0	0	3
7	0	0.00293097299	0.175	292.802149	292.799678	292.79162	292.805457	0.00789487435	0	0	0	0.41903	0	0	3
8	0	0.00384184351	0.2	292.805026	292.800946	292.79162	292.805457	0.00789487435	0	0	0	0.418647	0	0	3
9	0	0.00457049208	0.225	292.80786	292.802048	292.79162	292.80786	0.00789487435	0	0	0	0.418514	0	0	3
10	0	0.00519619828	0.25	292.810661	292.803085	292.79162	292.810661	0.00789487435	0	0	0	0.418588	0	0	3
11	0	0.00602898841	0.275	292.814692	292.804689	292.79162	292.814692	0.00789487435	0	0	0	0.418691	0	0	3
12	1	0.00675594734	0.3	292.818723	292.806199	292.79162	292.818723	0.00863692933	0	0	0	0.41875	0	0	3
13	1	0.00741343304	0.325	292.822778	292.807669	292.79162	292.822778	0.0101073117	0	0	0	0.421731	0	0	3
14	1	0.00802034335	0.35	292.826816	292.809118	292.79162	292.826816	0.0115561667	0	0	0	0.426107	0	0	3
15	1	0.00858840123	0.375	292.830832	292.810554	292.79162	292.830832	0.0129923627	0	0	0	0.430185	0	0	3
16	1	0.00939348485	0.4	292.836704	292.812795	292.79162	292.836704	0.0152335448	0	0	0	0.43648	0	0	3
17	1	0.0101446453	0.425	292.842715	292.815011	292.79162	292.842715	0.0174489606	0	0	0	0.441736	0	0	3
18	1	0.0108547645	0.45	292.848832	292.817223	292.79162	292.848832	0.0196615809	0	0	0	0.446361	0	0	3
19	1	0.0115328118	0.475	292.85499	292.819444	292.79162	292.85499	0.0218819841	0	0	0	0.450617	0	0	3
20	1	0.0121814757	0.5	292.861084	292.821661	292.79162	292.861084	0.0240993185	0	0	0	0.454719	0	0	3
21	1	0.0131204142	0.525	292.869972	292.825547	292.79162	292.869972	0.0279847929	0	0	0	0.46118	0	0	3
22	1	0.0140181567	0.55	292.879059	292.829717	292.79162	292.879059	0.0321549286	0	0	0	0.466328	0	0	3
23	1	0.0148844193	0.575	292.888353	292.834025	292.797547	292.888353	0.0364637025	0	0	0	0.469963	0	0	3
24	1	0.0157253065	0.6	292.897688	292.838301	292.798557	292.897688	0.0405388876	0	0	0	0.473966	0	0	3
25	1	0.0165446196	0.625	292.907092	292.8427	292.79973	292.907092	0.0443290718	0	0	0	0.477533	0	0	3
26	1	0.0177456609	0.65	292.920971	292.850249	292.802149	292.920971	0.0505713678	0	0	0	0.48312	0	0	3
27	1	0.0189127862	0.675	292.935007	292.859491	292.805026	292.935007	0.0585446698	0	0	0	0.48758	0	0	3
28	1	0.0200527148	0.7	292.949196	292.868859	292.80786	292.949196	0.0668106561	0	0	0	0.491259	0	0	3
29	1	0.0211711007	0.725	292.963452	292.877909	292.810661	292.963452	0.0748237073	0	0	0	0.494744	0	0	3
30	1	0.0222739199	0.75	292.977796	292.886823	292.814692	292.977796	0.0821346852	0	0	0	0.498364	0	0	3
31	2	0.023706742	0.775	292.996576	292.899117	292.818723	292.996576	0.0929182787	0	0	0	0.502072	0	0	3
32	2	0.0251178678	0.8	293.015421	292.911238	292.822778	293.015421	0.103568802	0	0	0	0.503027	0	0	3
33	2	0.0265118668	0.825	293.034267	292.923263	292.826816	293.034267	0.114145239	0	0	0	0.499782	0	0	3
34	2	0.0278904925	0.85	293.05294	292.935206	292.830832	293.05294	0.124652103	0	0	0	0.490735	0	0	3
35	2	0.0292565061	0.875	293.071203	292.947063	292.836704	293.071203	0.134268055	0	0	0	0.482121	0	0	3
36	2	0.030610396	0.9	293.088779	292.960294	292.842715	293.088779	0.145283402	0	0	0	0.467553	0	0	3
37	2	0.0319544324	0.925	293.1054	292.973286	292.848832	293.1054	0.156062567	0	0	0	0.446332	0	0	3
38	2	0.0332895031	0.95	293.120789	292.986003	292.85499	293.120789	0.166559233	0	0	0	0.419149	0	0	3
39	2	0.0346166375	0.975	293.134745	292.998403	292.861084	293.134745	0.176741654	0	0	0	0.387347	0	0	3
40	2	0.0359367749	1	293.147124	293.010417	292.869972	293.147124	0.184870588	0.0533254839	0	0	0.387346	0	0	3
41	2	0.0372508069	1.025	293.157866	293.023911	292.879059	293.157866	0.194194718	0.0549368533	0	0	0.389579	0	0	3
42	2	0.0385594708	1.05	293.166992	293.03684	292.888353	293.166992	0.202814525	0.0556212667	0	0	0.391384	0	0	3
43	2	0.0398635211	1.075	293.174587	293.049181	292.897688	293.174587	0.210879623	0.0559328654	0	0	0.392844	0	0	3
44	2	0.0411636118	1.1	293.18079	293.055692	292.897688	293.18079	0.217390626	0.0562833852	0	0	0.393996	0	0	3
45	2	0.0424602919	1.125	293.185762	293.06697	292.907092	293.185762	0.224269833	0.0566076814	0	0	0.39488	0	0	3
46	2	0.0437541515	1.15	293.189686	293.077619	292.920971	293.189686	0.227370157	0.0569219638	0	0	0.395559	0	0	3
47	2	0.045045659	1.175	293.192733	293.089957	292.935007	293.192733	0.230466225	0.0571599082	0	0	0.396083	0	0	3
48	2	0.0463352301	1.2	293.195049	293.101494	292.949196	293.195049	0.232634831	0.0573278601	0	0	0.396751	0	0	3
49	3	0.0476236746	1.225	293.196865	293.112247	292.963452	293.196865	0.233413255	0.0574415085	0	0	0.39704	0	0	3
50	3	0.0489112882	1.25	293.198221	293.122237	292.977796	293.198221	0.220424916	0.0575107607	0	0	0.397215	0	0	3
51	3	0.0501983252	1.275	293.198707	293.131466	292.996576	293.198707	0.202131484	0.0575190801	0	0	0.446891	0	0	3
52	3	0.0514862181	1.3	293.199278	293.141567	293.015421	293.199278	0.183856784	0.0574827608	0	0	0.457664	0	0	3
53	3	0.0527784194	1.325	293.200154	293.150739	293.034267	293.200154	0.16588703	0.057415355	0	0	0.412049	0	0	3
54	3	0.0540781865	1.35	293.200773	293.158988	293.05294	293.200773	0.147833642	0.0573209471	0	0	0.393979	0	0	3
55	3	0.0553835405	1.375	293.201207	293.166311	293.071203	293.201207	0.130003705	0.0572033032	0	0	0.387225	0	0	3
56	3	0.0566926683	1.4	293.201519	293.172726	293.088779	293.201519	0.112739936	0.0570482385	0	0	0.386364	0	0	3
57	3	0.0580040409	1.425	293.201749	293.178264	293.1054	293.201749	0.0963489348	0.0568604038	0	0	0.386918	0	0	3
58	3	0.0593156515	1.45	293.201884	293.182976	293.120789	293.201884	0.08109492	0.0566435897	0	0	0.388512	0	0	3
59	3	0.0606276557	1.475	293.201958	293.186924	293.134745	293.201958	0.0672133166	0.0564015731	0	0	0.388756	0	0	3
60	3	0.0619395412	1.5	293.20203	293.190183	293.147124	293.20203	0.0549060364	0.0561385883	0	0	0.402936	0	0	3
61	3	0.0632505764	1.525	293.202018	293.192833	293.157866	293.20203	0.0441635735	0.0558371626	0	0	0.407339	0	0	3
62	3	0.0645645886	1.55	293.202063	293.194959	293.166992	293.202063	0.035071599	0.0555014134	0	0	0.411279	0	0	3
63	4	0.0658806713	1.575	293.2021	293.196643	293.174587	293.2021	0.0275120979	0.0551344831	0	0	0.412287	0	0	3
64	4	0.0671990536	1.6	293.202147	293.19796	293.18079	293.202147	0.0213568773	0.0547400793	0	0	0.395164	0	0	3
65	4	0.0685187045	1.625	293.202161	293.198979	293.185762	293.202161	0.0163981355	0.0543208907	0	0	0.393802	0	0	3
66	4	0.0698401806	1.65	293.2022	293.19976	293.189686	293.2022	0.0125140166	0.0538540978	0	0	0.394642	0	0	3
67	4	0.0711621427	1.675	293.202217	293.200354	293.192733	293.202217	0.00948414686	0.0533440004	0	0	0.394095	0	0	3
68	4	0.0724850448	1.7	293.202229	293.200803	293.195049	293.202229	0.00717951121	0.0533254839	0	0	0.401809	0	0	3
69	4	0.0738079345	1.725	293.202237	293.201142	293.196865	293.202237	0.00537181159	0.0533254839	0	0	0.409579	0	0	3
70	4	0.0751312473	1.75	293.202242	293.201396	293.198221	293.202242	0.00402112881	0.0533254839	0	0	0.414144	0	0	3
71	4	0.07645419	1.775	293.202245	293.201585	293.198707	293.202245	0.00353796802	0.0533254839	0	0	0.417866	0	0	3
72	4	0.0777773979	1.8	293.202246	293.201751	293.199278	293.202246	0.00296796016	0.0533254839	0	0	0.421102	0	0	3
73	4	0.0791001057	1.825	293.202245	293.20189	293.200154	293.202246	0.00209162312	0.0533254839	0	0	0.423926	0	0	3
74	4	0.0804230008	1.85	293.202243	293.201988	293.200773	293.202246	0.0014726914	0.0533254839	0	0	0.42646	0	0	3
75	4	0.0817453482	1.875	293.20223	293.202057	293.201207	293.202246	0.00103921561	0.0533254839	0	0	0.428331	0	0	3
76	5	0.0830679069	1.9	293.202241	293.202106	293.201519	293.202246	0.000727357167	0.0533254839	0	0	0.403916	0	0	3
77	5	0.0843897883	1.925	293.202225	293.202139	293.201749	293.202246	0.000497260763	0.0533254839	0	0	0.410981	0	0	3
78	5	0.0857119962	1.95	293.202238	293.202162	293.201884	293.202246	0.000361942248	0.0533254839	0	0	0.39671	0	0	3
79	5	0.0870336599	1.975	293.202249	293.202179	293.201958	293.202249	0.000290948988	0.0533254839	0	0	0.396464	0	0	3
80	5	0.0883554462	2	293.202203	293.202191	293.202018	293.202249	0.000231568892	0.0533254839	0	0	0.392102	0	0	3
81	5	0.0896769994	2.025	293.202227	293.2022	293.202018	293.202249	0.000231568892	0.0533254839	0	0	0.393756	0	0	3
82	5	0.090998512	2.05	293.202237	293.202211	293.202063	293.202249	0.000186134662	0.0533254839	0	0	0.393915	0	0	3
83	5	0.092319574	2.075	293.202187	293.202217	293.2021	293.202249	0.000149760014	0.0533254839	0	0	0.391348	0	0	3
84	5	0.0936410438	2.1	293.202215	293.202222	293.202147	293.202249	0.000102588172	0.0533254839	0	0	0.393892	0	0	3
85	5	0.0949619462	2.125	293.202227	293.202226	293.202161	293.202249	8.86846399e-05	0.0533254839	0	0	0.395235	0	0	3
86	5	0.0962830535	2.15	293.2022	293.202228	293.202187	293.202249	6.19074823e-05	0.0533254839	0	0	0.393637	0	0	3
87	5	0.0976039724	2.175	293.202216	293.202229	293.202187	293.202249	6.19074823e-05	0.0533254839	0	0	0.398793	0	0	3
88	5	0.0989248899	2.2	293.202226	293.202229	293.202187	293.202249	6.19074823e-05	0.0533254839	0	0	0.399071	0	0	3
89	5	0.100245409	2.225	293.202201	293.202228	293.202187	293.202249	6.19074823e-05	0.0533254839	0	0	0.396784	0	0	3
90	5	0.101566243	2.25	293.202218	293.202227	293.202187	293.202249	6.19074823e-05	0.0533254839	0	0	0.400065	0	0	3
91	5	0.102886472	2.275	293.202229	293.202226	293.202187	293.202249	6.19074823e-05	0.0533254839	0	0	0.400135	0	0	3
92	6	0.104206891	2.3	293.202219	293.202225	293.202187	293.202249	6.19074823e-05	0.0533254839	0	0	0.397813	0	0	3
93	6	0.105527051	2.325	293.202233	293.202224	293.202187	293.202249	6.19074823e-05	0.0533254839	0	0	0.399909	0	0	3
94	6	0.106847164	2.35	293.202246	293.202224	293.202187	293.202249	6.19074823e-05	0.0533254839	0	0	0.39886	0	0	3
95	6	0.108166744	2.375	293.202219	293.202223	293.202187	293.202249	6.19074823e-05	0.0533254839	0	0	0.395908	0	0	3
96	6	0.10948645	2.4	293.20223	293.202223	293.202187	293.202249	6.19074823e-05	0.0533254839	0	0	0.399009	0	0	3
97	6	0.110805391	2.425	293.202235	293.202223	293.202187	293.202249	6.19074823e-05	0.0533254839	0	0	0.399193	0	0	3
98	6	0.11212443	2.45	293.202207	293.202222	293.202187	293.202249	6.19074823e-05	0.0533254839	0	0	0.396375	0	0	3
99	6	0.113443701	2.475	293.20222	293.202221	293.202187	293.202249	4.94825123e-05	0.0533254839	0	0	0.399598	0	0	3
100	6	0.114762196	2.5	293.202213	293.202219	293.202187	293.202246	3.7889384e-05	0.0533254839	0	0	0.399413	0	0	3
101	6	0.116080978	2.525	293.202211	293.20222	293.202187	293.202246	2.85299902e-05	0.0533254839	0	0	0.403631	0	0	3
102	6	0.117399451	2.55	293.202211	293.202219	293.202187	293.202246	1.81574302e-05	0.0533254839	0	0	0.412269	0	0	3
103	6	0.118718212	2.575	293.202211	293.202218	293.202187	293.202246	1.22820549e-05	0.0533254839	0	0	0.41425	0	0	3
104	6	0.120036592	2.6	293.202212	293.202219	293.2022	293.202246	1.12462467e-05	0.0533254839	0	0	0.415556	0	0	3
105	6	0.121355279	2.625	293.202212	293.202219	293.2022	293.202246	1.12462467e-05	0.0533254839	0	0	0.418557	0	0	3
106	6	0.122673569	2.65	293.202201	293.202218	293.2022	293.202246	1.14132177e-05	0.0533254839	0	0	0.422219	0	0	3
107	7	0.123992202	2.675	293.202216	293.202218	293.202201	293.202246	1.14132177e-05	0.0533254839	0	0	0.39972	0	0	3
108	7	0.125310308	2.7	293.202202	293.202218	293.202201	293.202246	1.14132177e-05	0.0533254839	0	0	0.410234	0	0	3
109	7	0.126628842	2.725	293.202217	293.202217	293.202201	293.202246	1.03784923e-05	0.0533254839	0	0	0.398723	0	0	3
110	7	0.127946953	2.75	293.202202	293.202217	293.202201	293.202246	9.50777286e-06	0.0533254839	0	0	0.399873	0	0	3
111	7	0.129265513	2.775	293.202218	293.202217	293.202201	293.202246	8.86791645e-06	0.0533254839	0	0	0.398011	0	0	3
112	7	0.130583608	2.8	293.202203	293.202216	293.202201	293.202246	8.81551648e-06	0.0533254839	0	0	0.396273	0	0	3
113	7	0.131902189	2.825	293.20222	293.202216	293.202201	293.202246	8.20841825e-06	0.0533254839	0	0	0.396915	0	0	3
114	7	0.133220275	2.85	293.202203	293.202215	293.202201	293.202246	9.57351801e-06	0.0533254839	0	0	0.395561	0	0	3
115	7	0.134538842	2.875	293.20222	293.202213	293.202201	293.202235	9.69673096e-06	0.0533254839	0	0	0.396479	0	0	3
116	7	0.135856901	2.9	293.202204	293.202213	293.202201	293.202235	1.04194661e-05	0.0533254839	0	0	0.395314	0	0	3
117	7	0.137175423	2.925	293.20222	293.202212	293.202201	293.202235	1.05847331e-05	0.0533254839	0	0	0.396431	0	0	3
118	7	0.138493438	2.95	293.202204	293.202211	293.202201	293.20222	1.1196386e-05	0.0533254839	0	0	0.395363	0	0	3
119	7	0.139811919	2.975	293.20222	293.202211	293.202201	293.20222	1.03568818e-05	0.0533254839	0	0	0.396526	0	0	3
120	7	0.141129901	3	293.202203	293.202211	293.202201	293.20222	9.17087289e-06	0.0533254839	0	0	0.395457	0	0	3
121	7	0.142448363	3.025	293.20222	293.202211	293.202201	293.20222	9.17087289e-06	0.0533254839	0	0	0.396597	0	0	3
122	7	0.143766335	3.05	293.202203	293.202211	293.202201	293.20222	8.42237716e-06	0.0533254839	0	0	0.395508	0	0	3
123	8	0.145084797	3.075	293.20222	293.202211	293.202201	293.20222	8.3453499e-06	0.0533254839	0	0	0.396624	0	0	3
124	12	0.146402776	3.1	293.202203	293.202211	293.202201	293.20222	8.3453499e-06	0.0533254839	0	0	0.395526	0	0	3
125	12	0.14772125	3.125	293.20222	293.202211	293.202201	293.20222	8.23753794e-06	0.0533254839	0	0	0.396632	0	0	3
126	13	0.149039243	3.15	293.202203	293.202211	293.202201	293.20222	7.79502597e-06	0.0533254839	0	0	0.395534	0	0	3
127	13	0.150357733	3.175	293.20222	293.202211	293.202202	293.20222	7.79502597e-06	0.0533254839	0	0	0.396636	0	0	3
128	13	0.151675742	3.2	293.202204	293.202211	293.202202	293.20222	7.12801426e-06	0.0533254839	0	0	0.395541	0	0	3
129	13	0.152994247	3.225	293.20222	293.202212	293.202202	293.20222	6.76925094e-06	0.0533254839	0	0	0.39664	0	0	3
130	13	0.154312271	3.25	293.202204	293.202211	293.202202	293.20222	6.76925094e-06	0.0533254839	0	0	0.395546	0	0	3
131	13	0.15563079	3.275	293.20222	293.202212	293.202203	293.20222	6.76925094e-06	0.0533254839	0	0	0.396642	0	0	3
132	13	0.156948827	3.3	293.202204	293.202211	293.202203	293.20222	5.56375574e-06	0.0533254839	0	0	0.395549	0	0	3
133	13	0.158267357	3.325	293.20222	293.202212	293.202203	293.20222	5.56375574e-06	0.0533254839	0	0	0.396642	0	0	3
134	13	0.159585405	3.35	293.202204	293.202211	293.202203	293.20222	4.17397405e-06	0.0533254839	0	0	0.395549	0	0	3
135	13	0.160903944	3.375	293.20222	293.202212	293.202203	293.20222	2.9195142e-06	0.0533254839	0	0	0.396641	0	0	3
136	13	0.162222	3.4	293.202204	293.202211	293.202203	293.20222	2.17650108e-06	0.0533254839	0	0	0.395548	0	0	3
137	13	0.163540546	3.425	293.202221	293.202212	293.202203	293.202221	1.71164146e-06	0.0533254839	0	0	0.396638	0	0	3
138	13	0.164858608	3.45	293.202204	293.202211	293.202203	293.202221	1.66464866e-06	0.0533254839	0	0	0.395546	0	0	3
139	13	0.16617716	3.475	293.202221	293.202212	293.202203	293.202221	1.73335172e-06	0.0533254839	0	0	0.396636	0	0	3
140	13	0.167495227	3.5	293.202204	293.202212	293.202203	293.202221	1.73335172e-06	0.0533254839	0	0	0.395545	0	0	3
141	14	0.168813783	3.525	293.202221	293.202212	293.202203	293.202221	1.82649705e-06	0.0533254839	0	0	0.396634	0	0	3
142	14	0.170131853	3.55	293.202205	293.202212	293.202203	293.202221	1.82649705e-06	0.0533254839	0	0	0.395544	0	0	3
143	14	0.171450411	3.575	293.202221	293.202212	293.202203	293.202221	1.92505826e-06	0.0533254839	0	0	0.396633	0	0	3
144	14	0.172768483	3.6	293.202205	293.202212	293.202203	293.202221	1.92505826e-06	0.0533254839	0	0	0.395543	0	0	3
145	14	0.174087043	3.625	293.202221	293.202213	293.202203	293.202221	2.04465766e-06	0.0533254839	0	0	0.396632	0	0	3
146	14	0.175405116	3.65	293.202205	293.202212	293.202203	293.202221	2.04465766e-06	0.0533254839	0	0	0.395543	0	0	3
147	14	0.176723676	3.675	293.202221	293.202213	293.202204	293.202221	1.85744284e-06	0.0533254839	0	0	0.396632	0	0	3
148	14	0.178041748	3.7	293.202205	293.202212	293.202204	293.202221	1.85744284e-06	0.0533254839	0	0	0.395543	0	0	3
149	14	0.179360307	3.725	293.202221	293.202213	293.202204	293.202221	1.74599523e-06	0.0533254839	0	0	0.396631	0	0	3
150	14	0.180678379	3.75	293.202205	293.202212	293.202204	293.202221	1.74599523e-06	0.0533254839	0	0	0.395543	0	0	3
151	14	0.181996937	3.775	293.202221	293.202213	293.202204	293.202221	1.67267768e-06	0.0533254839	0	0	0.396631	0	0	3
152	14	0.183315008	3.8	293.202205	293.202212	293.202204	293.202221	1.67267768e-06	0.0533254839	0	0	0.395543	0	0	3
153	14	0.184633564	3.825	293.202221	293.202213	293.202204	293.202221	1.66656326e-06	0.0533254839	0	0	0.396631	0	0	3
154	14	0.185951632	3.85	293.202205	293.202212	293.202204	293.202221	1.66656326e-06	0.0533254839	0	0	0.395543	0	0	3
155	15	0.187270187	3.875	293.202221	293.202213	293.202204	293.202221	1.67442801e-06	0.0533254839	0	0	0.396631	0	0	3
156	15	0.188588253	3.9	293.202205	293.202212	293.202204	293.202221	1.67442801e-06	0.0533254839	0	0	0.395543	0	0	3
157	15	0.189906805	3.925	293.202221	293.202213	293.202204	293.202221	1.6701062e-06	0.0533254839	0	0	0.39663	0	0	3
158	15	0.19122487	3.95	293.202205	293.202212	293.202204	293.202221	1.6701062e-06	0.0533254839	0	0	0.395543	0	0	3
159	15	0.192543419	3.975	293.202221	293.202213	293.202204	293.202221	1.63277628e-06	0.0533254839	0	0	0.39663	0	0	3
160	15	0.193861481	4	293.202205	293.202212	293.202204	293.202221	1.63277628e-06	0.0533254839	0	0	0.395543	0	0	3
161	15	0.195180029	4.025	293.202221	293.202213	293.202205	293.202221	1.5605811e-06	0.0533254839	0	0	0.39663	0	0	3
162	15	0.196498089	4.05	293.202205	293.202212	293.202205	293.202221	1.5605811e-06	0.0533254839	0	0	0.395543	0	0	3
163	15	0.197816634	4.075	293.202221	293.202213	293.202205	293.202221	1.46548541e-06	0.0533254839	0	0	0.396629	0	0	3
164	15	0.199134692	4.1	293.202205	293.202212	293.202205	293.202221	1.46548541e-06	0.0533254839	0	0	0.395542	0	0	3
165	15	0.200453235	4.125	293.202221	293.202213	293.202205	293.202221	1.34566892e-06	0.0533254839	0	0	0.396628	0	0	3
166	15	0.201771291	4.15	293.202205	293.202213	293.202205	293.202221	1.23138182e-06	0.0533254839	0	0	0.395542	0	0	3
167	15	0.203089833	4.175	293.202221	293.202213	293.202205	293.202221	1.23138182e-06	0.0533254839	0	0	0.396628	0	0	3
168	15	0.204407887	4.2	293.202205	293.202213	293.202205	293.202221	1.1273948e-06	0.0533254839	0	0	0.395541	0	0	3
169	16	0.205726427	4.225	293.202221	293.202213	293.202205	293.202221	1.1273948e-06	0.0533254839	0	0	0.396627	0	0	3
170	16	0.20704448	4.25	293.202205	293.202213	293.202205	293.202221	1.03634585e-06	0.0533254839	0	0	0.395541	0	0	3
171	16	0.208363018	4.275	293.202221	293.202213	293.202205	293.202221	1.03634585e-06	0.0533254839	0	0	0.396626	0	0	3
172	16	0.20968107	4.3	293.202205	293.202213	293.202205	293.202221	9.59367242e-07	0.0533254839	0	0	0.39554	0	0	3
173	16	0.210999607	4.325	293.202221	293.202213	293.202205	293.202221	9.59367242e-07	0.0533254839	0	0	0.396625	0	0	3
174	16	0.212317658	4.35	293.202205	293.202213	293.202205	293.202221	8.96439133e-07	0.0533254839	0	0	0.395539	0	0	3
175	16	0.213636194	4.375	293.202221	293.202213	293.202205	293.202221	8.96439133e-07	0.0533254839	0	0	0.396624	0	0	3
176	16	0.214954244	4.4	293.202205	293.202213	293.202205	293.202221	8.46862804e-07	0.0533254839	0	0	0.395538	0	0	3
177	16	0.21627278	4.425	293.202221	293.202213	293.202205	293.202221	8.46862804e-07	0.0533254839	0	0	0.396623	0	0	3
178	16	0.217590828	4.45	293.202205	293.202213	293.202205	293.202221	8.09295386e-07	0.0533254839	0	0	0.395537	0	0	3
179	16	0.218909363	4.475	293.202221	293.202213	293.202205	293.202221	8.09295386e-07	0.0533254839	0	0	0.396622	0	0	3
180	16	0.220227412	4.5	293.202205	293.202213	293.202205	293.202221	7.82148732e-07	0.0533254839	0	0	0.395537	0	0	3
181	16	0.221545946	4.525	293.202221	293.202213	293.202205	293.202221	7.82148732e-07	0.0533254839	0	0	0.396621	0	0	3
182	16	0.222863994	4.55	293.202205	293.202213	293.202205	293.202221	7.63667401e-07	0.0533254839	0	0	0.395536	0	0	3
183	17	0.224182528	4.575	293.202221	293.202213	293.202205	293.202221	4.07380639e-07	0.0533254839	0	0	0.396621	0	0	3
184	17	0.225500576	4.6	293.202205	293.202213	293.202205	293.202221	1.04750484e-08	0.0533254839	0	0	0.395535	0	0	3
185	17	0.226819109	4.625	293.202221	293.202213	293.202205	293.202221	1.01741193e-08	0.0533254839	0	0	0.39662	0	0	3
186	17	0.228137156	4.65	293.202205	293.202213	293.202205	293.202221	1.01741193e-08	0.0533254839	0	0	0.395535	0	0	3
187	17	0.22945569	4.675	293.202221	293.202213	293.202205	293.202221	1.01741193e-08	0.0533254839	0	0	0.396619	0	0	3
188	17	0.230773737	4.7	293.202205	293.202213	293.202205	293.202221	1.01741193e-08	0.0533254839	0	0	0.395534	0	0	3
189	17	0.23209227	4.725	293.202221	293.202213	293.202205	293.202221	1.01741193e-08	0.0533254839	0	0	0.396619	0	0	3
190	17	0.233410317	4.75	293.202205	293.202213	293.202205	293.202221	9.30390343e-09	0.0533254839	0	0	0.395533	0	0	3
191	17	0.23472885	4.775	293.202221	293.202213	293.202205	293.202221	9.27826704e-09	0.0533254839	0	0	0.396618	0	0	3
192	17	0.236046897	4.8	293.202205	293.202213	293.202205	293.202221	1.06742846e-08	0.0533254839	0	0	0.395533	0	0	3
193	17	0.23736543	4.825	293.202221	293.202213	293.202205	293.202221	1.25653514e-08	0.0533254839	0	0	0.396617	0	0	3
194	17	0.238683476	4.85	293.202205	293.202213	293.202205	293.202221	1.50247956e-08	0.0533254839	0	0	0.395532	0	0	3
195	17	0.240002009	4.875	293.202221	293.202213	293.202205	293.202221	1.71882562e-08	0.0533254839	0	0	0.396617	0	0	3
196	18	0.241320056	4.9	293.202205	293.202213	293.202205	293.202221	1.98464818e-08	0.0533254839	0	0	0.395532	0	0	3
197	18	0.242638588	4.925	293.202221	293.202213	293.202205	293.202221	2.22123617e-08	0.0533254839	0	0	0.396616	0	0	3
198	18	0.243956635	4.95	293.202205	293.202213	293.202205	293.202221	2.50044536e-08	0.0533254839	0	0	0.395532	0	0	3
199	18	0.245275168	4.975	293.202221	293.202213	293.202205	293.202221	2.7505962e-08	0.0533254839	0	0	0.396616	0	0	3
200	18	0.246593214	5	293.202205	293.202213	293.202205	293.202221	3.03713819e-08	0.0533254839	0	0	0.395531	0	0	3
201	18	0.247911746	5.025	293.202221	293.202213	293.202205	293.202221	3.29475256e-08	0.0533254839	0	0	0.396616	0	0	3
202	18	0.249229793	5.05	293.202205	293.202213	293.202205	293.202221	3.58314765e-08	0.0533254839	0	0	0.395531	0	0	3
203	18	0.250548325	5.075	293.202221	293.202213	293.202205	293.202221	3.78436766e-08	0.0533254839	0	0	0.396615	0	0	3
204	18	0.251866371	5.1	293.202205	293.202213	293.202205	293.202221	4.05385094e-08	0.0533254839	0	0	0.395531	0	0	3
205	18	0.253184903	5.125	293.202221	293.202213	293.202205	293.202221	4.20665742e-08	0.0533254839	0	0	0.396615	0	0	3
206	18	0.254502949	5.15	293.202205	293.202213	293.202205	293.202221	4.41819452e-08	0.0533254839	0	0	0.39553	0	0	3
207	18	0.255821481	5.175	293.202221	293.202213	293.202205	293.202221	4.52109816e-08	0.0533254839	0	0	0.396615	0	0	3
208	18	0.257139527	5.2	293.202205	293.202213	293.202205	293.202221	4.67557015e-08	0.0533254839	0	0	0.39553	0	0	3
209	18	0.258458059	5.225	293.202221	293.202213	293.202205	293.202221	4.72994657e-08	0.0533254839	0	0	0.396615	0	0	3
210	19	0.259776105	5.25	293.202205	293.202213	293.202205	293.202221	4.83055373e-08	0.0533254839	0	0	0.39553	0	0	3
211	19	0.261094637	5.275	293.202221	293.202213	293.202205	293.202221	4.83981921e-08	0.0533254839	0	0	0.396614	0	0	3
212	19	0.262412682	5.3	293.202205	293.202213	293.202205	293.202221	4.89138756e-08	0.0533254839	0	0	0.39553	0	0	3
213	19	0.263731214	5.325	293.202221	293.202213	293.202205	293.202221	4.8602999e-08	0.0533254839	0	0	0.396614	0	0	3
214	19	0.265049259	5.35	293.202205	293.202213	293.202205	293.202221	4.86865019e-08	0.0533254839	0	0	0.39553	0	0	3
215	19	0.26636779	5.375	293.202221	293.202213	293.202205	293.202221	4.80274593e-08	0.0533254839	0	0	0.396614	0	0	3
216	19	0.267685836	5.4	293.202205	293.202213	293.202205	293.202221	4.77418212e-08	0.0533254839	0	0	0.395529	0	0	3
217	19	0.269004367	5.425	293.202221	293.202213	293.202205	293.202221	4.67938435e-08	0.0533254839	0	0	0.396614	0	0	3
218	19	0.270322412	5.45	293.202205	293.202213	293.202205	293.202221	4.62036382e-08	0.0533254839	0	0	0.395529	0	0	3
219	19	0.271640943	5.475	293.202221	293.202213	293.202205	293.202221	4.50260131e-08	0.0533254839	0	0	0.396614	0	0	3
220	19	0.272958988	5.5	293.202205	293.202213	293.202205	293.202221	4.41941097e-08	0.0533254839	0	0	0.395529	0	0	3
221	19	0.274277519	5.525	293.202221	293.202213	293.202205	293.202221	4.28440785e-08	0.0533254839	0	0	0.396614	0	0	3
222	19	0.275595563	5.55	293.202205	293.202213	293.202205	293.202221	4.18299919e-08	0.0533254839	0	0	0.395529	0	0	3
223	20	0.276914094	5.575	293.202221	293.202213	293.202205	293.202221	4.0361158e-08	0.0533254839	0	0	0.396613	0	0	3
224	20	0.278232138	5.6	293.202205	293.202213	293.202205	293.202221	3.92192305e-08	0.0533254839	0	0	0.395529	0	0	3
225	20	0.279550669	5.625	293.202221	293.202213	293.202205	293.202221	3.76797402e-08	0.0533254839	0	0	0.396613	0	0	3
226	20	0.280868713	5.65	293.202205	293.202213	293.202205	293.202221	3.64588004e-08	0.0533254839	0	0	0.395529	0	0	3
227	20	0.282187243	5.675	293.202221	293.202213	293.202205	293.202221	3.48912863e-08	0.0533254839	0	0	0.396613	0	0	3
228	20	0.283505288	5.7	293.202205	293.202213	293.202205	293.202221	3.36333983e-08	0.0533254839	0	0	0.395529	0	0	3
229	20	0.284823818	5.725	293.202221	293.202213	293.202205	293.202221	3.20741265e-08	0.0533254839	0	0	0.396613	0	0	3
230	20	0.286141862	5.75	293.202205	293.202213	293.202205	293.202221	3.0815329e-08	0.0533254839	0	0	0.395528	0	0	3
231	20	0.287460392	5.775	293.202221	293.202213	293.202205	293.202221	2.92943696e-08	0.0533254839	0	0	0.396613	0	0	3
232	20	0.288778435	5.8	293.202205	293.202213	293.202205	293.202221	2.80637096e-08	0.0533254839	0	0	0.395528	0	0	3
233	20	0.290096965	5.825	293.202221	293.202213	293.202205	293.202221	2.66052211e-08	0.0533254839	0	0	0.396613	0	0	3
234	20	0.291415009	5.85	293.202205	293.202213	293.202205	293.202221	2.54258339e-08	0.0533254839	0	0	0.395528	0	0	3
235	20	0.292733539	5.875	293.202221	293.202213	293.202205	293.202221	2.40479494e-08	0.0533254839	0	0	0.396613	0	0	3
236	20	0.294051582	5.9	293.202205	293.202213	293.202205	293.202221	2.29373427e-08	0.0533254839	0	0	0.395528	0	0	3
237	21	0.295370112	5.925	293.202221	293.202213	293.202205	293.202221	2.16531362e-08	0.0533254839	0	0	0.396612	0	0	3
238	21	0.296688155	5.95	293.202205	293.202213	293.202205	293.202221	2.06235313e-08	0.0533254839	0	0	0.395528	0	0	3
239	21	0.298006685	5.975	293.202221	293.202213	293.202205	293.202221	1.94413587e-08	0.0533254839	0	0	0.396612	0	0	3
240	21	0.299324728	6	293.202205	293.202213	293.202205	293.202221	1.85004865e-08	0.0533254839	0	0	0.395528	0	0	3
241	21	0.300643257	6.025	293.202221	293.202213	293.202205	293.202221	1.74246111e-08	0.0533254839	0	0	0.396612	0	0	3
242	21	0.3019613	6.05	293.202205	293.202213	293.202205	293.202221	1.65761662e-08	0.0533254839	0	0	0.395528	0	0	3
243	21	0.30327983	6.075	293.202221	293.202213	293.202205	293.202221	1.56074407e-08	0.0533254839	0	0	0.396612	0	0	3
244	21	0.304597873	6.1	293.202205	293.202213	293.202205	293.202221	1.48520485e-08	0.0533254839	0	0	0.395528	0	0	3
245	21	0.305916402	6.125	293.202221	293.202213	293.202205	293.202221	1.39884264e-08	0.0533254839	0	0	0.396612	0	0	3
246	21	0.307234445	6.15	293.202205	293.202213	293.202205	293.202221	1.33238132e-08	0.0533254839	0	0	0.395527	0	0	3
247	21	0.308552974	6.175	293.202221	293.202213	293.202205	293.202221	1.25609745e-08	0.0533254839	0	0	0.396612	0	0	3
248	21	0.309871017	6.2	293.202205	293.202213	293.202205	293.202221	1.19830474e-08	0.0533254839	0	0	0.395527	0	0	3
249	21	0.311189546	6.225	293.202221	293.202213	293.202205	293.202221	1.13149099e-08	0.0533254839	0	0	0.396612	0	0	3
250	21	0.312507588	6.25	293.202205	293.202213	293.202205	293.202221	1.08177574e-08	0.0533254839	0	0	0.395527	0	0	3
251	22	0.313826117	6.275	293.202221	293.202213	293.202205	293.202221	1.02369881e-08	0.0533254839	0	0	0.396612	0	0	3
252	22	0.31514416	6.3	293.202205	293.202213	293.202205	293.202221	9.81378889e-09	0.0533254839	0	0	0.395527	0	0	3
253	22	0.316462689	6.325	293.202221	293.202213	293.202205	293.202221	9.31248678e-09	0.0533254839	0	0	0.396612	0	0	3
254	22	0.317780732	6.35	293.202205	293.202213	293.202205	293.202221	8.9556238e-09	0.0533254839	0	0	0.395527	0	0	3
255	22	0.31909926	6.375	293.202221	293.202213	293.202205	293.202221	8.52492121e-09	0.0533254839	0	0	0.396611	0	0	3
256	22	0.320417303	6.4	293.202205	293.202213	293.202205	293.202221	8.22655011e-09	0.0533254839	0	0	0.395527	0	0	3
257	22	0.321735832	6.425	293.202221	293.202213	293.202205	293.202221	7.85803422e-09	0.0533254839	0	0	0.396611	0	0	3
258	22	0.323053874	6.45	293.202205	293.202213	293.202205	293.202221	7.61008323e-09	0.0533254839	0	0	0.395527	0	0	3
259	22	0.324372403	6.475	293.202221	293.202213	293.202205	293.202221	7.29517069e-09	0.0533254839	0	0	0.396611	0	0	3
260	22	0.325690445	6.5	293.202205	293.202213	293.202205	293.202221	7.08996595e-09	0.0533254839	0	0	0.395527	0	0	3
261	22	0.327008974	6.525	293.202221	293.202213	293.202205	293.202221	6.8204713e-09	0.0533254839	0	0	0.396611	0	0	3
262	22	0.328327017	6.55	293.202205	293.202213	293.202205	293.202221	6.65062316e-09	0.0533254839	0	0	0.395527	0	0	3
263	22	0.329645545	6.575	293.202221	293.202213	293.202205	293.202221	6.41898623e-09	0.0533254839	0	0	0.396611	0	0	3
264	22	0.330963588	6.6	293.202205	293.202213	293.202205	293.202221	6.27767349e-09	0.0533254839	0	0	0.395527	0	0	3
265	23	0.332282116	6.625	293.202221	293.202213	293.202205	293.202221	6.07695938e-09	0.0533254839	0	0	0.396611	0	0	3
266	23	0.333600159	6.65	293.202205	293.202213	293.202205	293.202221	5.95656502e-09	0.0533254839	0	0	0.395527	0	0	3
267	23	0.334918687	6.675	293.202221	293.202213	293.202205	293.202221	5.77961146e-09	0.0533254839	0	0	0.396611	0	0	3
268	23	0.336236729	6.7	293.202205	293.202213	293.202205	293.202221	5.67581537e-09	0.0533254839	0	0	0.395527	0	0	3
269	23	0.337555258	6.725	293.202221	293.202213	293.202205	293.202221	5.51750645e-09	0.0533254839	0	0	0.396611	0	0	3
270	23	0.3388733	6.75	293.202205	293.202213	293.202205	293.202221	5.42524958e-09	0.0533254839	0	0	0.395527	0	0	3
271	23	0.340191829	6.775	293.202221	293.202213	293.202205	293.202221	5.28075361e-09	0.0533254839	0	0	0.396611	0	0	3
272	23	0.341509871	6.8	293.202205	293.202213	293.202205	293.202221	5.19628429e-09	0.0533254839	0	0	0.395527	0	0	3
273	23	0.342828399	6.825	293.202221	293.202213	293.202205	293.202221	5.06202014e-09	0.0533254839	0	0	0.396611	0	0	3
274	23	0.344146442	6.85	293.202205	293.202213	293.202205	293.202221	4.98249619e-09	0.0533254839	0	0	0.395526	0	0	3
275	23	0.34546497	6.875	293.202221	293.202213	293.202205	293.202221	4.85545115e-09	0.0533254839	0	0	0.396611	0	0	3
276	23	0.346783012	6.9	293.202205	293.202213	293.202205	293.202221	4.77837148e-09	0.0533254839	0	0	0.395526	0	0	3
277	23	0.348101541	6.925	293.202221	293.202213	293.202205	293.202221	4.65627181e-09	0.0533254839	0	0	0.396611	0	0	3
278	24	0.349419583	6.95	293.202205	293.202213	293.202205	293.202221	4.57987426e-09	0.0533254839	0	0	0.395526	0	0	3
279	24	0.350738111	6.975	293.202221	293.202213	293.202205	293.202221	4.46073045e-09	0.0533254839	0	0	0.396611	0	0	3
280	24	0.352056153	7	293.202205	293.202213	293.202205	293.202221	4.38376446e-09	0.0533254839	0	0	0.395526	0	0	3
281	24	0.353374682	7.025	293.202221	293.202213	293.202205	293.202221	4.26643965e-09	0.0533254839	0	0	0.396611	0	0	3
282	24	0.354692724	7.05	293.202205	293.202213	293.202205	293.202221	4.18805257e-09	0.0533254839	0	0	0.395526	0	0	3
283	24	0.356011252	7.075	293.202221	293.202213	293.202205	293.202221	4.07169409e-09	0.0533254839	0	0	0.396611	0	0	3
284	24	0.357329294	7.1	293.202205	293.202213	293.202205	293.202221	3.99143119e-09	0.0533254839	0	0	0.395526	0	0	3
285	24	0.358647823	7.125	293.202221	293.202213	293.202205	293.202221	3.87717591e-09	0.0533254839	0	0	0.396611	0	0	3
286	24	0.359965865	7.15	293.202205	293.202213	293.202205	293.202221	3.79731091e-09	0.0533254839	0	0	0.395526	0	0	3
287	24	0.361284393	7.175	293.202221	293.202213	293.202205	293.202221	3.68464725e-09	0.0533254839	0	0	0.396611	0	0	3
288	24	0.362602435	7.2	293.202205	293.202213	293.202205	293.202221	3.60404329e-09	0.0533254839	0	0	0.395526	0	0	3
289	24	0.363920963	7.225	293.202221	293.202213	293.202205	293.202221	3.49331231e-09	0.0533254839	0	0	0.396611	0	0	3
290	24	0.365239006	7.25	293.202205	293.202213	293.202205	293.202221	3.41270834e-09	0.0533254839	0	0	0.395526	0	0	3
291	25	0.366557534	7.275	293.202221	293.202213	293.202205	293.202221	3.30402372e-09	0.0533254839	0	0	0.396611	0	0	3
292	25	0.367875576	7.3	293.202205	293.202213	293.202205	293.202221	3.22353344e-09	0.0533254839	0	0	0.395526	0	0	3
293	25	0.369194104	7.325	293.202221	293.202213	293.202205	293.202221	3.11683834e-09	0.0533254839	0	0	0.396611	0	0	3
294	25	0.370512146	7.35	293.202205	293.202213	293.202205	293.202221	3.03663228e-09	0.0533254839	0	0	0.395526	0	0	3
295	25	0.371830674	7.375	293.202221	293.202213	293.202205	293.202221	2.93204039e-09	0.0533254839	0	0	0.396611	0	0	3
296	25	0.373148716	7.4	293.202205	293.202213	293.202205	293.202221	2.85257329e-09	0.0533254839	0	0	0.395526	0	0	3
297	25	0.374467245	7.425	293.202221	293.202213	293.202205	293.202221	2.75065304e-09	0.0533254839	0	0	0.396611	0	0	3
298	25	0.375785287	7.45	293.202205	293.202213	293.202205	293.202221	2.67249334e-09	0.0533254839	0	0	0.395526	0	0	3
299	25	0.377103815	7.475	293.202221	293.202213	293.202205	293.202221	2.57364263e-09	0.0533254839	0	0	0.396611	0	0	3
300	25	0.378421857	7.5	293.202205	293.202213	293.202205	293.202221	2.49730192e-09	0.0533254839	0	0	0.395526	0	0	3
301	25	0.379740385	7.525	293.202221	293.202213	293.202205	293.202221	2.40214604e-09	0.0533254839	0	0	0.39661	0	0	3
302	25	0.381058427	7.55	293.202205	293.202213	293.202205	293.202221	2.32830644e-09	0.0533254839	0	0	0.395526	0	0	3
303	26	0.382376955	7.575	293.202221	293.202213	293.202205	293.202221	2.23724328e-09	0.0533254839	0	0	0.39661	0	0	3
304	26	0.383694997	7.6	293.202205	293.202213	293.202205	293.202221	2.16653007e-09	0.0533254839	0	0	0.395526	0	0	3
305	26	0.385013525	7.625	293.202221	293.202213	293.202205	293.202221	2.07847961e-09	0.0533254839	0	0	0.39661	0	0	3
306	26	0.386331567	7.65	293.202205	293.202213	293.202205	293.202221	2.01043804e-09	0.0533254839	0	0	0.395526	0	0	3
307	26	0.387650095	7.675	293.202221	293.202213	293.202205	293.202221	1.92693506e-09	0.0533254839	0	0	0.39661	0	0	3
308	26	0.388968137	7.7	293.202205	293.202213	293.202205	293.202221	1.86213356e-09	0.0533254839	0	0	0.395526	0	0	3
309	26	0.390286665	7.725	293.202221	293.202213	293.202205	293.202221	1.78306436e-09	0.0533254839	0	0	0.39661	0	0	3
310	26	0.391604707	7.75	293.202205	293.202213	293.202205	293.202221	1.72190084e-09	0.0533254839	0	0	0.395526	0	0	3
311	26	0.392923235	7.775	293.202221	293.202213	293.202205	293.202221	1.64754965e-09	0.0533254839	0	0	0.39661	0	0	3
312	26	0.394241277	7.8	293.202205	293.202213	293.202205	293.202221	1.59042202e-09	0.0533254839	0	0	0.395526	0	0	3
313	26	0.395559805	7.825	293.202221	293.202213	293.202205	293.202221	1.52118673e-09	0.0533254839	0	0	0.39661	0	0	3
314	26	0.396877847	7.85	293.202205	293.202213	293.202205	293.202221	1.46832235e-09	0.0533254839	0	0	0.395526	0	0	3
315	27	0.398196375	7.875	293.202221	293.202213	293.202205	293.202221	1.40431666e-09	0.0533254839	0	0	0.39661	0	0	3
316	27	0.399514417	7.9	293.202205	293.202213	293.202205	293.202221	1.35582923e-09	0.0533254839	0	0	0.395526	0	0	3
317	27	0.400832945	7.925	293.202221	293.202213	293.202205	293.202221	1.29710997e-09	0.0533254839	0	0	0.39661	0	0	3
318	27	0.402150987	7.95	293.202205	293.202213	293.202205	293.202221	1.25294264e-09	0.0533254839	0	0	0.395526	0	0	3
319	27	0.403469515	7.975	293.202221	293.202213	293.202205	293.202221	1.19922561e-09	0.0533254839	0	0	0.39661	0	0	3
320	27	0.404787557	8	293.202205	293.202213	293.202205	293.202221	1.15909415e-09	0.0533254839	0	0	0.395526	0	0	3
321	27	0.406106085	8.025	293.202221	293.202213	293.202205	293.202221	1.11020881e-09	0.0533254839	0	0	0.39661	0	0	3
322	27	0.407424127	8.05	293.202205	293.202213	293.202205	293.202221	1.0740564e-09	0.0533254839	0	0	0.395526	0	0	3
323	27	0.408742655	8.075	293.202221	293.202213	293.202205	293.202221	1.02960485e-09	0.0533254839	0	0	0.39661	0	0	3
324	27	0.410060697	8.1	293.202205	293.202213	293.202205	293.202221	9.97204097e-10	0.0533254839	0	0	0.395526	0	0	3
325	27	0.411379225	8.125	293.202221	293.202213	293.202205	293.202221	9.56958957e-10	0.0533254839	0	0	0.39661	0	0	3
326	27	0.412697267	8.15	293.202205	293.202213	293.202205	293.202221	9.27968813e-10	0.0533254839	0	0	0.395526	0	0	3
327	28	0.414015795	8.175	293.202221	293.202213	293.202205	293.202221	8.91589025e-10	0.0533254839	0	0	0.39661	0	0	3
328	28	0.415333837	8.2	293.202205	293.202213	293.202205	293.202221	8.65611582e-10	0.0533254839	0	0	0.395526	0	0	3
329	28	0.416652365	8.225	293.202221	293.202213	293.202205	293.202221	8.32642399e-10	0.0533254839	0	0	0.39661	0	0	3
330	28	0.417970407	8.25	293.202205	293.202213	293.202205	293.202221	8.09507128e-10	0.0533254839	0	0	0.395526	0	0	3
331	28	0.419288935	8.275	293.202221	293.202213	293.202205	293.202221	7.7960749e-10	0.0533254839	0	0	0.39661	0	0	3
332	28	0.420606977	8.3	293.202205	293.202213	293.202205	293.202221	7.58859642e-10	0.0533254839	0	0	0.395526	0	0	3
333	28	0.421925505	8.325	293.202221	293.202213	293.202205	293.202221	7.31745331e-10	0.0533254839	0	0	0.39661	0	0	3
334	28	0.423243547	8.35	293.202205	293.202213	293.202205	293.202221	7.13043846e-10	0.0533254839	0	0	0.395526	0	0	3
335	28	0.424562075	8.375	293.202221	293.202213	293.202205	293.202221	6.88316959e-10	0.0533254839	0	0	0.39661	0	0	3
336	28	0.425880117	8.4	293.202205	293.202213	293.202205	293.202221	6.71320777e-10	0.0533254839	0	0	0.395526	0	0	3
337	28	0.427198645	8.425	293.202221	293.202213	293.202205	293.202221	6.48753939e-10	0.0533254839	0	0	0.39661	0	0	3
338	28	0.428516687	8.45	293.202205	293.202213	293.202205	293.202221	6.33406216e-10	0.0533254839	0	0	0.395526	0	0	3
339	29	0.429835215	8.475	293.202221	293.202213	293.202205	293.202221	6.12658368e-10	0.0533254839	0	0	0.39661	0	0	3
340	29	0.431153257	8.5	293.202205	293.202213	293.202205	293.202221	5.98674887e-10	0.0533254839	0	0	0.395526	0	0	3
341	29	0.432471785	8.525	293.202221	293.202213	293.202205	293.202221	5.79518655e-10	0.0533254839	0	0	0.39661	0	0	3
342	29	0.433789826	8.55	293.202205	293.202213	293.202205	293.202221	5.66615199e-10	0.0533254839	0	0	0.395526	0	0	3
343	29	0.435108354	8.575	293.202221	293.202213	293.202205	293.202221	5.48766366e-10	0.0533254839	0	0	0.39661	0	0	3
344	29	0.436426396	8.6	293.202205	293.202213	293.202205	293.202221	5.36658717e-10	0.0533254839	0	0	0.395526	0	0	3
345	29	0.437744924	8.625	293.202221	293.202213	293.202205	293.202221	5.19889909e-10	0.0533254839	0	0	0.39661	0	0	3
346	29	0.439062966	8.65	293.202205	293.202213	293.202205	293.202221	5.08521225e-10	0.0533254839	0	0	0.395526	0	0	3
347	29	0.440381494	8.675	293.202221	293.202213	293.202205	293.202221	4.92832442e-10	0.0533254839	0	0	0.39661	0	0	3
348	29	0.441699536	8.7	293.202205	293.202213	293.202205	293.202221	4.82145879e-10	0.0533254839	0	0	0.395526	0	0	3
349	29	0.443018064	8.725	293.202221	293.202213	293.202205	293.202221	4.67252903e-10	0.0533254839	0	0	0.39661	0	0	3
350	29	0.444336106	8.75	293.202205	293.202213	293.202205	293.202221	4.57021088e-10	0.0533254839	0	0	0.395526	0	0	3
351	30	0.445654634	8.775	293.202221	293.202213	293.202205	293.202221	4.42810233e-10	0.0533254839	0	0	0.39661	0	0	3
352	30	0.446972676	8.8	293.202205	293.202213	293.202205	293.202221	4.33090008e-10	0.0533254839	0	0	0.395526	0	0	3
353	30	0.448291204	8.825	293.202221	293.202213	293.202205	293.202221	4.19618118e-10	0.0533254839	0	0	0.39661	0	0	3
354	30	0.449609246	8.85	293.202205	293.202213	293.202205	293.202221	4.1018211e-10	0.0533254839	0	0	0.395526	0	0	3
355	30	0.450927774	8.875	293.202221	293.202213	293.202205	293.202221	3.97392341e-10	0.0533254839	0	0	0.39661	0	0	3
356	30	0.452245815	8.9	293.202205	293.202213	293.202205	293.202221	3.88240551e-10	0.0533254839	0	0	0.395526	0	0	3
357	30	0.453564343	8.925	293.202221	293.202213	293.202205	293.202221	3.75848686e-10	0.0533254839	0	0	0.39661	0	0	3
358	30	0.454882385	8.95	293.202205	293.202213	293.202205	293.202221	3.67037956e-10	0.0533254839	0	0	0.395526	0	0	3
359	30	0.456200913	8.975	293.202221	293.202213	293.202205	293.202221	3.55100838e-10	0.0533254839	0	0	0.39661	0	0	3
360	30	0.457518955	9	293.202205	293.202213	293.202205	293.202221	3.46631168e-10	0.0533254839	0	0	0.395526	0	0	3
361	30	0.458837483	9.025	293.202221	293.202213	293.202205	293.202221	3.35035111e-10	0.0533254839	0	0	0.39661	0	0	3
362	30	0.460155525	9.05	293.202205	293.202213	293.202205	293.202221	3.26849658e-10	0.0533254839	0	0	0.395526	0	0	3
363	31	0.461474053	9.075	293.202221	293.202213	293.202205	293.202221	3.15878879e-10	0.0533254839	0	0	0.39661	0	0	3
364	31	0.462792095	9.1	293.202205	293.202213	293.202205	293.202221	3.079208e-10	0.0533254839	0	0	0.395526	0	0	3
365	31	0.464110623	9.125	293.202221	293.202213	293.202205	293.202221	2.97461611e-10	0.0533254839	0	0	0.39661	0	0	3
366	31	0.465428665	9.15	293.202205	293.202213	293.202205	293.202221	2.89787749e-10	0.0533254839	0	0	0.395526	0	0	3
367	31	0.466747193	9.175	293.202221	293.202213	293.202205	293.202221	2.79726464e-10	0.0533254839	0	0	0.39661	0	0	3
368	31	0.468065234	9.2	293.202205	293.202213	293.202205	293.202221	2.7233682e-10	0.0533254839	0	0	0.395526	0	0	3
369	31	0.469383762	9.225	293.202221	293.202213	293.202205	293.202221	2.62730282e-10	0.0533254839	0	0	0.39661	0	0	3
370	31	0.470701804	9.25	293.202205	293.202213	293.202205	293.202221	2.55681698e-10	0.0533254839	0	0	0.395526	0	0	3
371	31	0.472020332	9.275	293.202221	293.202213	293.202205	293.202221	2.46473064e-10	0.0533254839	0	0	0.39661	0	0	3
372	31	0.473338374	9.3	293.202205	293.202213	293.202205	293.202221	2.39708697e-10	0.0533254839	0	0	0.395526	0	0	3
373	31	0.474656902	9.325	293.202221	293.202213	293.202205	293.202221	2.31011654e-10	0.0533254839	0	0	0.39661	0	0	3
374	32	0.475974944	9.35	293.202205	293.202213	293.202205	293.202221	2.24531505e-10	0.0533254839	0	0	0.395526	0	0	3
375	32	0.477293472	9.375	293.202221	293.202213	293.202205	293.202221	2.16346052e-10	0.0533254839	0	0	0.39661	0	0	3
376	32	0.478611514	9.4	293.202205	293.202213	293.202205	293.202221	2.10206963e-10	0.0533254839	0	0	0.395526	0	0	3
377	32	0.479930042	9.425	293.202221	293.202213	293.202205	293.202221	2.02533101e-10	0.0533254839	0	0	0.39661	0	0	3
378	32	0.481248083	9.45	293.202205	293.202213	293.202205	293.202221	1.96735073e-10	0.0533254839	0	0	0.395526	0	0	3
379	32	0.482566611	9.475	293.202221	293.202213	293.202205	293.202221	1.89288585e-10	0.0533254839	0	0	0.39661	0	0	3
380	32	0.483884653	9.5	293.202205	293.202213	293.202205	293.202221	1.8405899e-10	0.0533254839	0	0	0.395526	0	0	3
381	32	0.485203181	9.525	293.202221	293.202213	293.202205	293.202221	1.77124093e-10	0.0533254839	0	0	0.39661	0	0	3
382	32	0.486521223	9.55	293.202205	293.202213	293.202205	293.202221	1.72065029e-10	0.0533254839	0	0	0.395526	0	0	3
383	32	0.487839751	9.575	293.202221	293.202213	293.202205	293.202221	1.65641723e-10	0.0533254839	0	0	0.39661	0	0	3
384	32	0.489157793	9.6	293.202205	293.202213	293.202205	293.202221	1.60923719e-10	0.0533254839	0	0	0.395526	0	0	3
385	32	0.490476321	9.625	293.202221	293.202213	293.202205	293.202221	1.54841473e-10	0.0533254839	0	0	0.39661	0	0	3
386	33	0.491794363	9.65	293.202205	293.202213	293.202205	293.202221	1.50350843e-10	0.0533254839	0	0	0.395526	0	0	3
387	33	0.493112891	9.675	293.202221	293.202213	293.202205	293.202221	1.44780188e-10	0.0533254839	0	0	0.39661	0	0	3
388	33	0.494430932	9.7	293.202205	293.202213	293.202205	293.202221	1.40687462e-10	0.0533254839	0	0	0.395526	0	0	3
389	33	0.49574946	9.725	293.202221	293.202213	293.202205	293.202221	1.35514711e-10	0.0533254839	0	0	0.39661	0	0	3
390	33	0.497067502	9.75	293.202205	293.202213	293.202205	293.202221	1.31706202e-10	0.0533254839	0	0	0.395526	0	0	3
391	33	0.49838603	9.775	293.202221	293.202213	293.202205	293.202221	1.26760824e-10	0.0533254839	0	0	0.39661	0	0	3
392	33	0.499704072	9.8	293.202205	293.202213	293.202205	293.202221	1.23350219e-10	0.0533254839	0	0	0.395526	0	0	3
393	33	0.5010226	9.825	293.202221	293.202213	293.202205	293.202221	1.18745902e-10	0.0533254839	0	0	0.39661	0	0	3
394	33	0.502340642	9.85	293.202205	293.202213	293.202205	293.202221	1.15505827e-10	0.0533254839	0	0	0.395526	0	0	3
395	33	0.50365917	9.875	293.202221	293.202213	293.202205	293.202221	1.11356258e-10	0.0533254839	0	0	0.39661	0	0	3
396	33	0.504977212	9.9	293.202205	293.202213	293.202205	293.202221	1.08286713e-10	0.0533254839	0	0	0.395526	0	0	3
397	33	0.50629574	9.925	293.202221	293.202213	293.202205	293.202221	1.0442136e-10	0.0533254839	0	0	0.39661	0	0	3
398	34	0.507613781	9.95	293.202205	293.202213	293.202205	293.202221	1.01692876e-10	0.0533254839	0	0	0.395526	0	0	3
399	34	0.508932309	9.975	293.202221	293.202213	293.202205	293.202221	9.79980541e-11	0.0533254839	0	0	0.39661	0	0	3
400	34	0.510250351	10	293.202205	293.202213	293.202205	293.202221	9.54401003e-11	0.0533254839	0	0	0.395526	0	0	3
401	34	0.511568879	10.025	293.202221	293.202213	293.202205	293.202221	9.2143182e-11	0.0533254839	0	0	0.39661	0	0	3
402	34	0.512886921	10.05	293.202205	293.202213	293.202205	293.202221	8.97557584e-11	0.0533254839	0	0	0.395526	0	0	3
403	34	0.514205449	10.075	293.202221	293.202213	293.202205	293.202221	8.66293703e-11	0.0533254839	0	0	0.39661	0	0	3
404	34	0.515523491	10.1	293.202205	293.202213	293.202205	293.202221	8.4412477e-11	0.0533254839	0	0	0.395526	0	0	3
405	34	0.516842019	10.125	293.202221	293.202213	293.202205	293.202221	8.16271495e-11	0.0533254839	0	0	0.39661	0	0	3
406	34	0.518160061	10.15	293.202205	293.202213	293.202205	293.202221	7.9523943e-11	0.0533254839	0	0	0.395526	0	0	3
407	34	0.519478588	10.175	293.202221	293.202213	293.202205	293.202221	7.67954589e-11	0.0533254839	0	0	0.39661	0	0	3
408	34	0.52079663	10.2	293.202205	293.202213	293.202205	293.202221	7.48627826e-11	0.0533254839	0	0	0.395526	0	0	3
409	35	0.522115158	10.225	293.202221	293.202213	293.202205	293.202221	7.23616722e-11	0.0533254839	0	0	0.39661	0	0	3
410	35	0.5234332	10.25	293.202205	293.202213	293.202205	293.202221	7.06563696e-11	0.0533254839	0	0	0.395526	0	0	3
411	35	0.524751728	10.275	293.202221	293.202213	293.202205	293.202221	6.82121026e-11	0.0533254839	0	0	0.39661	0	0	3
412	35	0.52606977	10.3	293.202205	293.202213	293.202205	293.202221	6.66773303e-11	0.0533254839	0	0	0.395526	0	0	3
413	35	0.527388298	10.325	293.202221	293.202213	293.202205	293.202221	6.44035936e-11	0.0533254839	0	0	0.39661	0	0	3
414	35	0.52870634	10.35	293.202205	293.202213	293.202205	293.202221	6.28688213e-11	0.0533254839	0	0	0.395526	0	0	3
415	35	0.530024868	10.375	293.202221	293.202213	293.202205	293.202221	6.08224582e-11	0.0533254839	0	0	0.39661	0	0	3
416	35	0.531342909	10.4	293.202205	293.202213	293.202205	293.202221	5.93445293e-11	0.0533254839	0	0	0.395526	0	0	3
417	35	0.532661437	10.425	293.202221	293.202213	293.202205	293.202221	5.7411853e-11	0.0533254839	0	0	0.39661	0	0	3
418	35	0.533979479	10.45	293.202205	293.202213	293.202205	293.202221	5.6047611e-11	0.0533254839	0	0	0.395526	0	0	3
419	35	0.535298007	10.475	293.202221	293.202213	293.202205	293.202221	5.42286216e-11	0.0533254839	0	0	0.39661	0	0	3
420	36	0.536616049	10.5	293.202205	293.202213	293.202205	293.202221	5.28643795e-11	0.0533254839	0	0	0.395526	0	0	3
421	36	0.537934577	10.525	293.202221	293.202213	293.202205	293.202221	5.11022336e-11	0.0533254839	0	0	0.39661	0	0	3
422	36	0.539252619	10.55	293.202205	293.202213	293.202205	293.202221	4.99653652e-11	0.0533254839	0	0	0.395526	0	0	3
423	36	0.540571147	10.575	293.202221	293.202213	293.202205	293.202221	4.82600626e-11	0.0533254839	0	0	0.39661	0	0	3
424	36	0.541889189	10.6	293.202205	293.202213	293.202205	293.202221	4.70663508e-11	0.0533254839	0	0	0.395526	0	0	3
425	36	0.543207716	10.625	293.202221	293.202213	293.202205	293.202221	4.54747351e-11	0.0533254839	0	0	0.39661	0	0	3
426	36	0.544525758	10.65	293.202205	293.202213	293.202205	293.202221	4.44515535e-11	0.0533254839	0	0	0.395526	0	0	3
427	36	0.545844286	10.675	293.202221	293.202213	293.202205	293.202221	4.29736247e-11	0.0533254839	0	0	0.39661	0	0	3
428	36	0.547162328	10.7	293.202205	293.202213	293.202205	293.202221	4.19504431e-11	0.0533254839	0	0	0.395526	0	0	3
429	36	0.548480856	10.725	293.202221	293.202213	293.202205	293.202221	4.05293576e-11	0.0533254839	0	0	0.39661	0	0	3
430	36	0.549798898	10.75	293.202205	293.202213	293.202205	293.202221	3.95630195e-11	0.0533254839	0	0	0.395526	0	0	3
431	36	0.551117426	10.775	293.202221	293.202213	293.202205	293.202221	3.82556209e-11	0.0533254839	0	0	0.39661	0	0	3
432	37	0.552435468	10.8	293.202205	293.202213	293.202205	293.202221	3.73461262e-11	0.0533254839	0	0	0.395526	0	0	3
433	37	0.553753996	10.825	293.202221	293.202213	293.202205	293.202221	3.6095571e-11	0.0533254839	0	0	0.39661	0	0	3
434	37	0.555072037	10.85	293.202205	293.202213	293.202205	293.202221	3.51292329e-11	0.0533254839	0	0	0.395526	0	0	3
435	37	0.556390565	10.875	293.202221	293.202213	293.202205	293.202221	3.39923645e-11	0.0533254839	0	0	0.39661	0	0	3
436	37	0.557708607	10.9	293.202205	293.202213	293.202205	293.202221	3.31397132e-11	0.0533254839	0	0	0.395526	0	0	3
437	37	0.559027135	10.925	293.202221	293.202213	293.202205	293.202221	3.19460014e-11	0.0533254839	0	0	0.39661	0	0	3
438	37	0.560345177	10.95	293.202205	293.202213	293.202205	293.202221	3.11501935e-11	0.0533254839	0	0	0.395526	0	0	3
439	37	0.561663705	10.975	293.202221	293.202213	293.202205	293.202221	3.0127012e-11	0.0533254839	0	0	0.39661	0	0	3
440	37	0.562981747	11	293.202205	293.202213	293.202205	293.202221	2.93880476e-11	0.0533254839	0	0	0.395526	0	0	3
441	37	0.564300275	11.025	293.202221	293.202213	293.202205	293.202221	2.81943358e-11	0.0533254839	0	0	0.39661	0	0	3
442	37	0.565618317	11.05	293.202205	293.202213	293.202205	293.202221	2.76259016e-11	0.0533254839	0	0	0.395526	0	0	3
443	38	0.566936844	11.075	293.202221	293.202213	293.202205	293.202221	2.660272e-11	0.0533254839	0	0	0.39661	0	0	3
444	38	0.568254886	11.1	293.202205	293.202213	293.202205	293.202221	2.59774424e-11	0.0533254839	0	0	0.395526	0	0	3
445	38	0.569573414	11.125	293.202221	293.202213	293.202205	293.202221	2.50679477e-11	0.0533254839	0	0	0.39661	0	0	3
446	38	0.570891456	11.15	293.202205	293.202213	293.202205	293.202221	2.43858267e-11	0.0533254839	0	0	0.395526	0	0	3
447	38	0.572209984	11.175	293.202221	293.202213	293.202205	293.202221	2.35331754e-11	0.0533254839	0	0	0.39661	0	0	3
448	38	0.573528026	11.2	293.202205	293.202213	293.202205	293.202221	2.29078978e-11	0.0533254839	0	0	0.395526	0	0	3
449	38	0.574846554	11.225	293.202221	293.202213	293.202205	293.202221	2.21120899e-11	0.0533254839	0	0	0.39661	0	0	3
450	38	0.576164596	11.25	293.202205	293.202213	293.202205	293.202221	2.14868123e-11	0.0533254839	0	0	0.395526	0	0	3
451	38	0.577483124	11.275	293.202221	293.202213	293.202205	293.202221	2.06910045e-11	0.0533254839	0	0	0.39661	0	0	3
452	38	0.578801165	11.3	293.202205	293.202213	293.202205	293.202221	2.01225703e-11	0.0533254839	0	0	0.395526	0	0	3
453	38	0.580119693	11.325	293.202221	293.202213	293.202205	293.202221	1.94972927e-11	0.0533254839	0	0	0.39661	0	0	3
454	39	0.581437735	11.35	293.202205	293.202213	293.202205	293.202221	1.89288585e-11	0.0533254839	0	0	0.395526	0	0	3
455	39	0.582756263	11.375	293.202221	293.202213	293.202205	293.202221	1.82467375e-11	0.0533254839	0	0	0.39661	0	0	3
456	39	0.584074305	11.4	293.202205	293.202213	293.202205	293.202221	1.78488335e-11	0.0533254839	0	0	0.395526	0	0	3
457	39	0.585392833	11.425	293.202221	293.202213	293.202205	293.202221	1.71667125e-11	0.0533254839	0	0	0.39661	0	0	3
458	39	0.586710875	11.45	293.202205	293.202213	293.202205	293.202221	1.6825652e-11	0.0533254839	0	0	0.395526	0	0	3
459	39	0.588029403	11.475	293.202221	293.202213	293.202205	293.202221	1.6143531e-11	0.0533254839	0	0	0.39661	0	0	3
460	39	0.589347445	11.5	293.202205	293.202213	293.202205	293.202221	1.58024704e-11	0.0533254839	0	0	0.395526	0	0	3
461	39	0.590665972	11.525	293.202221	293.202213	293.202205	293.202221	1.52340363e-11	0.0533254839	0	0	0.39661	0	0	3
462	39	0.591984014	11.55	293.202205	293.202213	293.202205	293.202221	1.48929757e-11	0.0533254839	0	0	0.395526	0	0	3
463	39	0.593302542	11.575	293.202221	293.202213	293.202205	293.202221	1.4381385e-11	0.0533254839	0	0	0.39661	0	0	3
464	39	0.594620584	11.6	293.202205	293.202213	293.202205	293.202221	1.3983481e-11	0.0533254839	0	0	0.395526	0	0	3
465	40	0.595939112	11.625	293.202221	293.202213	293.202205	293.202221	1.35287337e-11	0.0533254839	0	0	0.39661	0	0	3
466	40	0.597257154	11.65	293.202205	293.202213	293.202205	293.202221	1.31308298e-11	0.0533254839	0	0	0.395526	0	0	3
467	40	0.598575682	11.675	293.202221	293.202213	293.202205	293.202221	1.27329258e-11	0.0533254839	0	0	0.39661	0	0	3
468	40	0.599893724	11.7	293.202205	293.202213	293.202205	293.202221	1.23918653e-11	0.0533254839	0	0	0.395526	0	0	3
469	40	0.601212252	11.725	293.202221	293.202213	293.202205	293.202221	1.1937118e-11	0.0533254839	0	0	0.39661	0	0	3
470	40	0.602530293	11.75	293.202205	293.202213	293.202205	293.202221	1.16529009e-11	0.0533254839	0	0	0.395526	0	0	3
471	40	0.603848821	11.775	293.202221	293.202213	293.202205	293.202221	1.13118404e-11	0.0533254839	0	0	0.39661	0	0	3
472	40	0.605166863	11.8	293.202205	293.202213	293.202205	293.202221	1.09707798e-11	0.0533254839	0	0	0.395526	0	0	3
473	40	0.606485391	11.825	293.202221	293.202213	293.202205	293.202221	1.05728759e-11	0.0533254839	0	0	0.39661	0	0	3
474	40	0.607803433	11.85	293.202205	293.202213	293.202205	293.202221	1.03455022e-11	0.0533254839	0	0	0.395526	0	0	3
475	40	0.609121961	11.875	293.202221	293.202213	293.202205	293.202221	9.9475983e-12	0.0533254839	0	0	0.39661	0	0	3
476	40	0.610440003	11.9	293.202205	293.202213	293.202205	293.202221	9.72022463e-12	0.0533254839	0	0	0.395526	0	0	3
477	41	0.611758531	11.925	293.202221	293.202213	293.202205	293.202221	9.26547727e-12	0.0533254839	0	0	0.39661	0	0	3
478	41	0.613076572	11.95	293.202205	293.202213	293.202205	293.202221	9.09494702e-12	0.0533254839	0	0	0.395526	0	0	3
479	41	0.6143951	11.975	293.202221	293.202213	293.202205	293.202221	8.86757334e-12	0.0533254839	0	0	0.39661	0	0	3
480	41	0.615713142	12	293.202205	293.202213	293.202205	293.202221	8.58335625e-12	0.0533254839	0	0	0.395526	0	0	3
481	41	0.61703167	12.025	293.202221	293.202213	293.202205	293.202221	8.29913915e-12	0.0533254839	0	0	0.39661	0	0	3
482	41	0.618349712	12.05	293.202205	293.202213	293.202205	293.202221	8.07176548e-12	0.0533254839	0	0	0.395526	0	0	3
483	41	0.61966824	12.075	293.202221	293.202213	293.202205	293.202221	7.78754838e-12	0.0533254839	0	0	0.39661	0	0	3
484	41	0.620986282	12.1	293.202205	293.202213	293.202205	293.202221	7.61701813e-12	0.0533254839	0	0	0.395526	0	0	3
485	41	0.62230481	12.125	293.202221	293.202213	293.202205	293.202221	7.38964445e-12	0.0533254839	0	0	0.39661	0	0	3
486	41	0.623622852	12.15	293.202205	293.202213	293.202205	293.202221	7.2191142e-12	0.0533254839	0	0	0.395526	0	0	3
487	41	0.62494138	12.175	293.202221	293.202213	293.202205	293.202221	6.9348971e-12	0.0533254839	0	0	0.39661	0	0	3
488	42	0.626259421	12.2	293.202205	293.202213	293.202205	293.202221	6.76436684e-12	0.0533254839	0	0	0.395526	0	0	3
489	42	0.627577949	12.225	293.202221	293.202213	293.202205	293.202221	6.53699317e-12	0.0533254839	0	0	0.39661	0	0	3
490	42	0.628895991	12.25	293.202205	293.202213	293.202205	293.202221	6.36646291e-12	0.0533254839	0	0	0.395526	0	0	3
491	42	0.630214519	12.275	293.202221	293.202213	293.202205	293.202221	6.13908924e-12	0.0533254839	0	0	0.39661	0	0	3
492	42	0.631532561	12.3	293.202205	293.202213	293.202205	293.202221	6.0254024e-12	0.0533254839	0	0	0.395526	0	0	3
493	42	0.632851089	12.325	293.202221	293.202213	293.202205	293.202221	5.79802872e-12	0.0533254839	0	0	0.39661	0	0	3
494	42	0.634169131	12.35	293.202205	293.202213	293.202205	293.202221	5.7411853e-12	0.0533254839	0	0	0.395526	0	0	3
495	42	0.635487659	12.375	293.202221	293.202213	293.202205	293.202221	5.57065505e-12	0.0533254839	0	0	0.39661	0	0	3
496	42	0.6368057	12.4	293.202205	293.202213	293.202205	293.202221	5.40012479e-12	0.0533254839	0	0	0.395526	0	0	3
497	42	0.638124228	12.425	293.202221	293.202213	293.202205	293.202221	5.28643795e-12	0.0533254839	0	0	0.39661	0	0	3
498	42	0.63944227	12.45	293.202205	293.202213	293.202205	293.202221	5.1159077e-12	0.0533254839	0	0	0.395526	0	0	3
499	43	0.640760798	12.475	293.202221	293.202213	293.202205	293.202221	4.94537744e-12	0.0533254839	0	0	0.39661	0	0	3
500	43	0.64207884	12.5	293.202205	293.202213	293.202205	293.202221	4.8316906e-12	0.0533254839	0	0	0.395526	0	0	3
501	43	0.643397368	12.525	293.202221	293.202213	293.202205	293.202221	4.60431693e-12	0.0533254839	0	0	0.39661	0	0	3
502	43	0.64471541	12.55	293.202205	293.202213	293.202205	293.202221	4.49063009e-12	0.0533254839	0	0	0.395526	0	0	3
503	43	0.646033938	12.575	293.202221	293.202213	293.202205	293.202221	4.32009983e-12	0.0533254839	0	0	0.39661	0	0	3
504	43	0.64735198	12.6	293.202205	293.202213	293.202205	293.202221	4.206413e-12	0.0533254839	0	0	0.395526	0	0	3
505	43	0.648670507	12.625	293.202221	293.202213	293.202205	293.202221	4.03588274e-12	0.0533254839	0	0	0.39661	0	0	3
506	43	0.649988549	12.65	293.202205	293.202213	293.202205	293.202221	3.97903932e-12	0.0533254839	0	0	0.395526	0	0	3
507	43	0.651307077	12.675	293.202221	293.202213	293.202205	293.202221	3.86535248e-12	0.0533254839	0	0	0.39661	0	0	3
508	43	0.652625119	12.7	293.202205	293.202213	293.202205	293.202221	3.75166564e-12	0.0533254839	0	0	0.395526	0	0	3
509	43	0.653943647	12.725	293.202221	293.202213	293.202205	293.202221	3.58113539e-12	0.0533254839	0	0	0.39661	0	0	3
510	44	0.655261689	12.75	293.202205	293.202213	293.202205	293.202221	3.52429197e-12	0.0533254839	0	0	0.395526	0	0	3
511	44	0.656580217	12.775	293.202221	293.202213	293.202205	293.202221	3.41060513e-12	0.0533254839	0	0	0.39661	0	0	3
512	44	0.657898259	12.8	293.202205	293.202213	293.202205	293.202221	3.35376171e-12	0.0533254839	0	0	0.395526	0	0	3
513	44	0.659216787	12.825	293.202221	293.202213	293.202205	293.202221	3.18323146e-12	0.0533254839	0	0	0.39661	0	0	3
514	44	0.660534828	12.85	293.202205	293.202213	293.202205	293.202221	3.06954462e-12	0.0533254839	0	0	0.395526	0	0	3
515	44	0.661853356	12.875	293.202221	293.202213	293.202205	293.202221	3.0127012e-12	0.0533254839	0	0	0.39661	0	0	3
516	44	0.663171398	12.9	293.202205	293.202213	293.202205	293.202221	2.89901436e-12	0.0533254839	0	0	0.395526	0	0	3
517	44	0.664489926	12.925	293.202221	293.202213	293.202205	293.202221	2.84217094e-12	0.0533254839	0	0	0.39661	0	0	3
518	44	0.665807968	12.95	293.202205	293.202213	293.202205	293.202221	2.78532752e-12	0.0533254839	0	0	0.395526	0	0	3
519	44	0.667126496	12.975	293.202221	293.202213	293.202205	293.202221	2.61479727e-12	0.0533254839	0	0	0.39661	0	0	3
520	44	0.668444538	13	293.202205	293.202213	293.202205	293.202221	2.61479727e-12	0.0533254839	0	0	0.395526	0	0	3
521	45	0.669763066	13.025	293.202221	293.202213	293.202205	293.202221	2.50111043e-12	0.0533254839	0	0	0.39661	0	0	3
522	45	0.671081107	13.05	293.202205	293.202213	293.202205	293.202221	2.44426701e-12	0.0533254839	0	0	0.395526	0	0	3
523	45	0.672399635	13.075	293.202221	293.202213	293.202205	293.202221	2.38742359e-12	0.0533254839	0	0	0.39661	0	0	3
524	45	0.673717677	13.1	293.202205	293.202213	293.202205	293.202221	2.33058017e-12	0.0533254839	0	0	0.395526	0	0	3
525	45	0.675036205	13.125	293.202221	293.202213	293.202205	293.202221	2.27373675e-12	0.0533254839	0	0	0.39661	0	0	3
526	45	0.676354247	13.15	293.202205	293.202213	293.202205	293.202221	2.16004992e-12	0.0533254839	0	0	0.395526	0	0	3
527	45	0.677672775	13.175	293.202221	293.202213	293.202205	293.202221	2.16004992e-12	0.0533254839	0	0	0.39661	0	0	3
528	45	0.678990817	13.2	293.202205	293.202213	293.202205	293.202221	2.04636308e-12	0.0533254839	0	0	0.395526	0	0	3
529	45	0.680309345	13.225	293.202221	293.202213	293.202205	293.202221	1.98951966e-12	0.0533254839	0	0	0.39661	0	0	3
530	45	0.681627387	13.25	293.202205	293.202213	293.202205	293.202221	1.98951966e-12	0.0533254839	0	0	0.395526	0	0	3
531	45	0.682945914	13.275	293.202221	293.202213	293.202205	293.202221	1.87583282e-12	0.0533254839	0	0	0.39661	0	0	3
532	46	0.684263956	13.3	293.202205	293.202213	293.202205	293.202221	1.8189894e-12	0.0533254839	0	0	0.395526	0	0	3
533	46	0.685582484	13.325	293.202221	293.202213	293.202205	293.202221	1.76214598e-12	0.0533254839	0	0	0.39661	0	0	3
534	46	0.686900526	13.35	293.202205	293.202213	293.202205	293.202221	1.70530257e-12	0.0533254839	0	0	0.395526	0	0	3
535	46	0.688219054	13.375	293.202221	293.202213	293.202205	293.202221	1.64845915e-12	0.0533254839	0	0	0.39661	0	0	3
536	46	0.689537096	13.4	293.202205	293.202213	293.202205	293.202221	1.59161573e-12	0.0533254839	0	0	0.395526	0	0	3
537	46	0.690855624	13.425	293.202221	293.202213	293.202205	293.202221	1.47792889e-12	0.0533254839	0	0	0.39661	0	0	3
538	46	0.692173666	13.45	293.202205	293.202213	293.202205	293.202221	1.53477231e-12	0.0533254839	0	0	0.395526	0	0	3
539	46	0.693492194	13.475	293.202221	293.202213	293.202205	293.202221	1.47792889e-12	0.0533254839	0	0	0.39661	0	0	3
540	56	0.694810235	13.5	293.202205	293.202213	293.202205	293.202221	1.47792889e-12	0.0533254839	0	0	0.395526	0	0	3
541	56	0.696128763	13.525	293.202221	293.202213	293.202205	293.202221	1.42108547e-12	0.0533254839	0	0	0.39661	0	0	3
542	56	0.697446805	13.55	293.202205	293.202213	293.202205	293.202221	1.36424205e-12	0.0533254839	0	0	0.395526	0	0	3
543	56	0.698765333	13.575	293.202221	293.202213	293.202205	293.202221	1.25055521e-12	0.0533254839	0	0	0.39661	0	0	3
544	56	0.700083375	13.6	293.202205	293.202213	293.202205	293.202221	1.1937118e-12	0.0533254839	0	0	0.395526	0	0	3
545	56	0.701401903	13.625	293.202221	293.202213	293.202205	293.202221	1.1937118e-12	0.0533254839	0	0	0.39661	0	0	3
546	56	0.702719945	13.65	293.202205	293.202213	293.202205	293.202221	1.13686838e-12	0.0533254839	0	0	0.395526	0	0	3
547	56	0.704038473	13.675	293.202221	293.202213	293.202205	293.202221	1.1937118e-12	0.0533254839	0	0	0.39661	0	0	3
548	56	0.705356514	13.7	293.202205	293.202213	293.202205	293.202221	1.13686838e-12	0.0533254839	0	0	0.395526	0	0	3
549	57	0.706675042	13.725	293.202221	293.202213	293.202205	293.202221	1.08002496e-12	0.0533254839	0	0	0.39661	0	0	3
550	57	0.707993084	13.75	293.202205	293.202213	293.202205	293.202221	1.02318154e-12	0.0533254839	0	0	0.395526	0	0	3
551	57	0.709311612	13.775	293.202221	293.202213	293.202205	293.202221	1.02318154e-12	0.0533254839	0	0	0.39661	0	0	3
552	57	0.710629654	13.8	293.202205	293.202213	293.202205	293.202221	9.66338121e-13	0.0533254839	0	0	0.395526	0	0	3
553	57	0.711948182	13.825	293.202221	293.202213	293.202205	293.202221	9.66338121e-13	0.0533254839	0	0	0.39661	0	0	3
554	57	0.713266224	13.85	293.202205	293.202213	293.202205	293.202221	9.66338121e-13	0.0533254839	0	0	0.395526	0	0	3
555	57	0.714584752	13.875	293.202221	293.202213	293.202205	293.202221	9.09494702e-13	0.0533254839	0	0	0.39661	0	0	3
556	57	0.715902794	13.9	293.202205	293.202213	293.202205	293.202221	9.09494702e-13	0.0533254839	0	0	0.395526	0	0	3
557	57	0.717221322	13.925	293.202221	293.202213	293.202205	293.202221	7.95807864e-13	0.0533254839	0	0	0.39661	0	0	3
558	57	0.718539363	13.95	293.202205	293.202213	293.202205	293.202221	7.95807864e-13	0.0533254839	0	0	0.395526	0	0	3
559	58	0.719857891	13.975	293.202221	293.202213	293.202205	293.202221	7.95807864e-13	0.0533254839	0	0	0.39661	0	0	3
560	58	0.721175933	14	293.202205	293.202213	293.202205	293.202221	7.95807864e-13	0.0533254839	0	0	0.395526	0	0	3
561	58	0.722494461	14.025	293.202221	293.202213	293.202205	293.202221	7.95807864e-13	0.0533254839	0	0	0.39661	0	0	3
562	58	0.723812503	14.05	293.202205	293.202213	293.202205	293.202221	7.95807864e-13	0.0533254839	0	0	0.395526	0	0	3
563	58	0.725131031	14.075	293.202221	293.202213	293.202205	293.202221	7.38964445e-13	0.0533254839	0	0	0.39661	0	0	3
564	58	0.726449073	14.1	293.202205	293.202213	293.202205	293.202221	7.38964445e-13	0.0533254839	0	0	0.395526	0	0	3
565	58	0.727767601	14.125	293.202221	293.202213	293.202205	293.202221	6.82121026e-13	0.0533254839	0	0	0.39661	0	0	3
566	58	0.729085642	14.15	293.202205	293.202213	293.202205	293.202221	6.25277607e-13	0.0533254839	0	0	0.395526	0	0	3
567	58	0.73040417	14.175	293.202221	293.202213	293.202205	293.202221	6.25277607e-13	0.0533254839	0	0	0.39661	0	0	3
568	58	0.731722212	14.2	293.202205	293.202213	293.202205	293.202221	5.68434189e-13	0.0533254839	0	0	0.395526	0	0	3
569	58	0.73304074	14.225	293.202221	293.202213	293.202205	293.202221	6.25277607e-13	0.0533254839	0	0	0.39661	0	0	3
570	59	0.734358782	14.25	293.202205	293.202213	293.202205	293.202221	5.68434189e-13	0.0533254839	0	0	0.395526	0	0	3
571	59	0.73567731	14.275	293.202221	293.202213	293.202205	293.202221	5.68434189e-13	0.0533254839	0	0	0.39661	0	0	3
572	59	0.736995352	14.3	293.202205	293.202213	293.202205	293.202221	5.68434189e-13	0.0533254839	0	0	0.395526	0	0	3
573	59	0.73831388	14.325	293.202221	293.202213	293.202205	293.202221	5.68434189e-13	0.0533254839	0	0	0.39661	0	0	3
574	59	0.739631922	14.35	293.202205	293.202213	293.202205	293.202221	5.1159077e-13	0.0533254839	0	0	0.395526	0	0	3
575	59	0.740950449	14.375	293.202221	293.202213	293.202205	293.202221	5.68434189e-13	0.0533254839	0	0	0.39661	0	0	3
576	59	0.742268491	14.4	293.202205	293.202213	293.202205	293.202221	5.68434189e-13	0.0533254839	0	0	0.395526	0	0	3
577	59	0.743587019	14.425	293.202221	293.202213	293.202205	293.202221	5.68434189e-13	0.0533254839	0	0	0.39661	0	0	3
578	59	0.744905061	14.45	293.202205	293.202213	293.202205	293.202221	5.1159077e-13	0.0533254839	0	0	0.395526	0	0	3
579	59	0.746223589	14.475	293.202221	293.202213	293.202205	293.202221	4.54747351e-13	0.0533254839	0	0	0.39661	0	0	3
580	60	0.747541631	14.5	293.202205	293.202213	293.202205	293.202221	3.97903932e-13	0.0533254839	0	0	0.395526	0	0	3
581	60	0.748860159	14.525	293.202221	293.202213	293.202205	293.202221	4.54747351e-13	0.0533254839	0	0	0.39661	0	0	3
582	60	0.750178201	14.55	293.202205	293.202213	293.202205	293.202221	4.54747351e-13	0.0533254839	0	0	0.395526	0	0	3
583	60	0.751496729	14.575	293.202221	293.202213	293.202205	293.202221	3.97903932e-13	0.0533254839	0	0	0.39661	0	0	3
584	60	0.75281477	14.6	293.202205	293.202213	293.202205	293.202221	3.97903932e-13	0.0533254839	0	0	0.395526	0	0	3
585	60	0.754133298	14.625	293.202221	293.202213	293.202205	293.202221	3.97903932e-13	0.0533254839	0	0	0.39661	0	0	3
586	60	0.75545134	14.65	293.202205	293.202213	293.202205	293.202221	3.97903932e-13	0.0533254839	0	0	0.395526	0	0	3
587	60	0.756769868	14.675	293.202221	293.202213	293.202205	293.202221	3.97903932e-13	0.0533254839	0	0	0.39661	0	0	3
588	60	0.75808791	14.7	293.202205	293.202213	293.202205	293.202221	3.97903932e-13	0.0533254839	0	0	0.395526	0	0	3
589	60	0.759406438	14.725	293.202221	293.202213	293.202205	293.202221	3.97903932e-13	0.0533254839	0	0	0.39661	0	0	3
590	61	0.76072448	14.75	293.202205	293.202213	293.202205	293.202221	3.97903932e-13	0.0533254839	0	0	0.395526	0	0	3
591	61	0.762043008	14.775	293.202221	293.202213	293.202205	293.202221	3.41060513e-13	0.0533254839	0	0	0.39661	0	0	3
592	61	0.763361049	14.8	293.202205	293.202213	293.202205	293.202221	2.84217094e-13	0.0533254839	0	0	0.395526	0	0	3
593	61	0.764679577	14.825	293.202221	293.202213	293.202205	293.202221	2.84217094e-13	0.0533254839	0	0	0.39661	0	0	3
594	61	0.765997619	14.85	293.202205	293.202213	293.202205	293.202221	2.27373675e-13	0.0533254839	0	0	0.395526	0	0	3
595	61	0.767316147	14.875	293.202221	293.202213	293.202205	293.202221	2.27373675e-13	0.0533254839	0	0	0.39661	0	0	3
596	61	0.768634189	14.9	293.202205	293.202213	293.202205	293.202221	1.70530257e-13	0.0533254839	0	0	0.395526	0	0	3
597	61	0.769952717	14.925	293.202221	293.202213	293.202205	293.202221	1.70530257e-13	0.0533254839	0	0	0.39661	0	0	3
598	61	0.771270759	14.95	293.202205	293.202213	293.202205	293.202221	1.70530257e-13	0.0533254839	0	0	0.395526	0	0	3
599	61	0.772589287	14.975	293.202221	293.202213	293.202205	293.202221	2.27373675e-13	0.0533254839	0	0	0.39661	0	0	3
600	62	0.773907329	15	293.202205	293.202213	293.202205	293.202221	2.27373675e-13	0.0533254839	0	0	0.395526	0	0	3
601	62	0.775225856	15.025	293.202221	293.202213	293.202205	293.202221	2.27373675e-13	0.0533254839	0	0	0.39661	0	0	3
602	62	0.776543898	15.05	293.202205	293.202213	293.202205	293.202221	2.84217094e-13	0.0533254839	0	0	0.395526	0	0	3
603	62	0.777862426	15.075	293.202221	293.202213	293.202205	293.202221	2.27373675e-13	0.0533254839	0	0	0.39661	0	0	3
604	62	0.779180468	15.1	293.202205	293.202213	293.202205	293.202221	2.27373675e-13	0.0533254839	0	0	0.395526	0	0	3
605	62	0.780498996	15.125	293.202221	293.202213	293.202205	293.202221	1.70530257e-13	0.0533254839	0	0	0.39661	0	0	3
606	62	0.781817038	15.15	293.202205	293.202213	293.202205	293.202221	2.27373675e-13	0.0533254839	0	0	0.395526	0	0	3
607	62	0.783135566	15.175	293.202221	293.202213	293.202205	293.202221	2.27373675e-13	0.0533254839	0	0	0.39661	0	0	3
608	62	0.784453608	15.2	293.202205	293.202213	293.202205	293.202221	2.27373675e-13	0.0533254839	0	0	0.395526	0	0	3
609	62	0.785772136	15.225	293.202221	293.202213	293.202205	293.202221	2.27373675e-13	0.0533254839	0	0	0.39661	0	0	3
610	63	0.787090177	15.25	293.202205	293.202213	293.202205	293.202221	2.27373675e-13	0.0533254839	0	0	0.395526	0	0	3
611	63	0.788408705	15.275	293.202221	293.202213	293.202205	293.202221	2.27373675e-13	0.0533254839	0	0	0.39661	0	0	3
612	63	0.789726747	15.3	293.202205	293.202213	293.202205	293.202221	1.70530257e-13	0.0533254839	0	0	0.395526	0	0	3
613	63	0.791045275	15.325	293.202221	293.202213	293.202205	293.202221	2.27373675e-13	0.0533254839	0	0	0.39661	0	0	3
614	63	0.792363317	15.35	293.202205	293.202213	293.202205	293.202221	2.27373675e-13	0.0533254839	0	0	0.395526	0	0	3
615	63	0.793681845	15.375	293.202221	293.202213	293.202205	293.202221	2.27373675e-13	0.0533254839	0	0	0.39661	0	0	3
616	63	0.794999887	15.4	293.202205	293.202213	293.202205	293.202221	2.27373675e-13	0.0533254839	0	0	0.395526	0	0	3
617	63	0.796318415	15.425	293.202221	293.202213	293.202205	293.202221	2.27373675e-13	0.0533254839	0	0	0.39661	0	0	3
618	63	0.797636456	15.45	293.202205	293.202213	293.202205	293.202221	1.70530257e-13	0.0533254839	0	0	0.395526	0	0	3
619	63	0.798954984	15.475	293.202221	293.202213	293.202205	293.202221	2.27373675e-13	0.0533254839	0	0	0.39661	0	0	3
620	64	0.800273026	15.5	293.202205	293.202213	293.202205	293.202221	2.27373675e-13	0.0533254839	0	0	0.395526	0	0	3
621	64	0.801591554	15.525	293.202221	293.202213	293.202205	293.202221	1.70530257e-13	0.0533254839	0	0	0.39661	0	0	3
622	64	0.802909596	15.55	293.202205	293.202213	293.202205	293.202221	1.70530257e-13	0.0533254839	0	0	0.395526	0	0	3
623	64	0.804228124	15.575	293.202221	293.202213	293.202205	293.202221	1.70530257e-13	0.0533254839	0	0	0.39661	0	0	3
624	64	0.805546166	15.6	293.202205	293.202213	293.202205	293.202221	1.70530257e-13	0.0533254839	0	0	0.395526	0	0	3
625	64	0.806864694	15.625	293.202221	293.202213	293.202205	293.202221	1.13686838e-13	0.0533254839	0	0	0.39661	0	0	3
626	64	0.808182736	15.65	293.202205	293.202213	293.202205	293.202221	1.13686838e-13	0.0533254839	0	0	0.395526	0	0	3
627	64	0.809501264	15.675	293.202221	293.202213	293.202205	293.202221	1.13686838e-13	0.0533254839	0	0	0.39661	0	0	3
628	64	0.810819305	15.7	293.202205	293.202213	293.202205	293.202221	1.13686838e-13	0.0533254839	0	0	0.395526	0	0	3
629	65	0.812137833	15.725	293.202221	293.202213	293.202205	293.202221	1.13686838e-13	0.0533254839	0	0	0.39661	0	0	3
630	65	0.813455875	15.75	293.202205	293.202213	293.202205	293.202221	1.13686838e-13	0.0533254839	0	0	0.395526	0	0	3
631	65	0.814774403	15.775	293.202221	293.202213	293.202205	293.202221	1.13686838e-13	0.0533254839	0	0	0.39661	0	0	3
632	65	0.816092445	15.8	293.202205	293.202213	293.202205	293.202221	1.13686838e-13	0.0533254839	0	0	0.395526	0	0	3
633	65	0.817410973	15.825	293.202221	293.202213	293.202205	293.202221	1.13686838e-13	0.0533254839	0	0	0.39661	0	0	3
634	65	0.818729015	15.85	293.202205	293.202213	293.202205	293.202221	1.13686838e-13	0.0533254839	0	0	0.395526	0	0	3
635	65	0.820047543	15.875	293.202221	293.202213	293.202205	293.202221	1.13686838e-13	0.0533254839	0	0	0.39661	0	0	3
636	65	0.821365584	15.9	293.202205	293.202213	293.202205	293.202221	1.13686838e-13	0.0533254839	0	0	0.395526	0	0	3
637	65	0.822684112	15.925	293.202221	293.202213	293.202205	293.202221	1.13686838e-13	0.0533254839	0	0	0.39661	0	0	3
638	65	0.824002154	15.95	293.202205	293.202213	293.202205	293.202221	1.13686838e-13	0.0533254839	0	0	0.395526	0	0	3
639	66	0.825320682	15.975	293.202221	293.202213	293.202205	293.202221	1.13686838e-13	0.0533254839	0	0	0.39661	0	0	3
640	66	0.826638724	16	293.202205	293.202213	293.202205	293.202221	1.70530257e-13	0.0533254839	0	0	0.395526	0	0	3
641	66	0.827957252	16.025	293.202221	293.202213	293.202205	293.202221	1.13686838e-13	0.0533254839	0	0	0.39661	0	0	3
642	66	0.829275294	16.05	293.202205	293.202213	293.202205	293.202221	1.13686838e-13	0.0533254839	0	0	0.395526	0	0	3
643	66	0.830593822	16.075	293.202221	293.202213	293.202205	293.202221	1.13686838e-13	0.0533254839	0	0	0.39661	0	0	3
644	66	0.831911863	16.1	293.202205	293.202213	293.202205	293.202221	1.13686838e-13	0.0533254839	0	0	0.395526	0	0	3
645	66	0.833230391	16.125	293.202221	293.202213	293.202205	293.202221	3.84956479e-07	0.0533254839	0	0	0.39661	0	0	3
646	66	0.834548433	16.15	293.202205	293.202213	293.202205	293.202221	7.69919609e-07	0.0533254839	0	0	0.395526	0	0	3
647	66	0.835866961	16.175	293.202221	293.202213	293.202205	293.202221	7.69919609e-07	0.0533254839	0	0	0.39661	0	0	3
648	66	0.837185003	16.2	293.202205	293.202213	293.202205	293.202221	7.69919609e-07	0.0533254839	0	0	0.395526	0	0	3
649	67	0.838503531	16.225	293.202221	293.202213	293.202205	293.202221	7.69919609e-07	0.0533254839	0	0	0.39661	0	0	3
650	67	0.839821573	16.25	293.202205	293.202213	293.202205	293.202221	7.69919666e-07	0.0533254839	0	0	0.395526	0	0	3
651	67	0.841140101	16.275	293.202221	293.202213	293.202205	293.202221	7.69919666e-07	0.0533254839	0	0	0.39661	0	0	3
652	67	0.842458143	16.3	293.202205	293.202213	293.202205	293.202221	7.69919666e-07	0.0533254839	0	0	0.395526	0	0	3
653	67	0.843776671	16.325	293.202221	293.202213	293.202205	293.202221	7.69919723e-07	0.0533254839	0	0	0.39661	0	0	3
654	67	0.845094712	16.35	293.202205	293.202213	293.202205	293.202221	7.69919723e-07	0.0533254839	0	0	0.395526	0	0	3
655	67	0.84641324	16.375	293.202221	293.202213	293.202205	293.202221	7.69919723e-07	0.0533254839	0	0	0.39661	0	0	3
656	67	0.847731282	16.4	293.202205	293.202213	293.202205	293.202221	7.69919723e-07	0.0533254839	0	0	0.395526	0	0	3
657	67	0.84904981	16.425	293.202221	293.202213	293.202205	293.202221	7.69919723e-07	0.0533254839	0	0	0.39661	0	0	3
658	68	0.850367852	16.45	293.202205	293.202213	293.202205	293.202221	7.69919723e-07	0.0533254839	0	0	0.395526	0	0	3
659	68	0.85168638	16.475	293.202221	293.202213	293.202205	293.202221	7.69919723e-07	0.0533254839	0	0	0.39661	0	0	3
660	68	0.853004422	16.5	293.202205	293.202213	293.202205	293.202221	7.69919723e-07	0.0533254839	0	0	0.395526	0	0	3
661	68	0.85432295	16.525	293.202221	293.202213	293.202205	293.202221	7.69919723e-07	0.0533254839	0	0	0.39661	0	0	3
662	68	0.855640991	16.55	293.202205	293.202213	293.202205	293.202221	7.69919723e-07	0.0533254839	0	0	0.395526	0	0	3
663	68	0.856959519	16.575	293.202221	293.202213	293.202205	293.202221	7.69919723e-07	0.0533254839	0	0	0.39661	0	0	3
664	68	0.858277561	16.6	293.202205	293.202213	293.202205	293.202221	7.69919723e-07	0.0533254839	0	0	0.395526	0	0	3
665	68	0.859596089	16.625	293.202221	293.202213	293.202205	293.202221	7.69919723e-07	0.0533254839	0	0	0.39661	0	0	3
666	68	0.860914131	16.65	293.202205	293.202213	293.202205	293.202221	7.69919723e-07	0.0533254839	0	0	0.395526	0	0	3
667	68	0.862232659	16.675	293.202221	293.202213	293.202205	293.202221	7.69919723e-07	0.0533254839	0	0	0.39661	0	0	3
668	69	0.863550701	16.7	293.202205	293.202213	293.202205	293.202221	7.69919723e-07	0.0533254839	0	0	0.395526	0	0	3
669	69	0.864869229	16.725	293.202221	293.202213	293.202205	293.202221	7.69919723e-07	0.0533254839	0	0	0.39661	0	0	3
670	69	0.866187271	16.75	293.202205	293.202213	293.202205	293.202221	7.69919723e-07	0.0533254839	0	0	0.395526	0	0	3
671	69	0.867505798	16.775	293.202221	293.202213	293.202205	293.202221	7.69919666e-07	0.0533254839	0	0	0.39661	0	0	3
672	69	0.86882384	16.8	293.202205	293.202213	293.202205	293.202221	7.69919666e-07	0.0533254839	0	0	0.395526	0	0	3
673	69	0.870142368	16.825	293.202221	293.202213	293.202205	293.202221	7.69919666e-07	0.0533254839	0	0	0.39661	0	0	3
674	69	0.87146041	16.85	293.202205	293.202213	293.202205	293.202221	7.69919666e-07	0.0533254839	0	0	0.395526	0	0	3
675	69	0.872778938	16.875	293.202221	293.202213	293.202205	293.202221	7.69919723e-07	0.0533254839	0	0	0.39661	0	0	3
676	69	0.87409698	16.9	293.202205	293.202213	293.202205	293.202221	7.69919723e-07	0.0533254839	0	0	0.395526	0	0	3
677	69	0.875415508	16.925	293.202221	293.202213	293.202205	293.202221	7.69919723e-07	0.0533254839	0	0	0.39661	0	0	3
678	70	0.87673355	16.95	293.202205	293.202213	293.202205	293.202221	7.69919723e-07	0.0533254839	0	0	0.395526	0	0	3
679	70	0.878052078	16.975	293.202221	293.202213	293.202205	293.202221	7.69919723e-07	0.0533254839	0	0	0.39661	0	0	3
680	70	0.879370119	17	293.202205	293.202213	293.202205	293.202221	7.69919723e-07	0.0533254839	0	0	0.395526	0	0	3
681	70	0.880688647	17.025	293.202221	293.202213	293.202205	293.202221	7.69919723e-07	0.0533254839	0	0	0.39661	0	0	3
682	70	0.882006689	17.05	293.202205	293.202213	293.202205	293.202221	7.69919723e-07	0.0533254839	0	0	0.395526	0	0	3
683	70	0.883325217	17.075	293.202221	293.202213	293.202205	293.202221	7.69919723e-07	0.0533254839	0	0	0.39661	0	0	3
684	70	0.884643259	17.1	293.202205	293.202213	293.202205	293.202221	7.69919723e-07	0.0533254839	0	0	0.395526	0	0	3
685	70	0.885961787	17.125	293.202221	293.202213	293.202205	293.202221	7.69919723e-07	0.0533254839	0	0	0.39661	0	0	3
686	70	0.887279829	17.15	293.202205	293.202213	293.202205	293.202221	7.69919723e-07	0.0533254839	0	0	0.395526	0	0	3
687	71	0.888598357	17.175	293.202221	293.202213	293.202205	293.202221	7.69919723e-07	0.0533254839	0	0	0.39661	0	0	3
688	71	0.889916398	17.2	293.202205	293.202213	293.202205	293.202221	7.69919723e-07	0.0533254839	0	0	0.395526	0	0	3
689	71	0.891234926	17.225	293.202221	293.202213	293.202205	293.202221	7.69919723e-07	0.0533254839	0	0	0.39661	0	0	3
690	71	0.892552968	17.25	293.202205	293.202213	293.202205	293.202221	7.69919723e-07	0.0533254839	0	0	0.395526	0	0	3
691	71	0.893871496	17.275	293.202221	293.202213	293.202205	293.202221	7.69919723e-07	0.0533254839	0	0	0.39661	0	0	3
692	71	0.895189538	17.3	293.202205	293.202213	293.202205	293.202221	7.69919723e-07	0.0533254839	0	0	0.395526	0	0	3
693	71	0.896508066	17.325	293.202221	293.202213	293.202205	293.202221	7.69919723e-07	0.0533254839	0	0	0.39661	0	0	3
694	71	0.897826108	17.35	293.202205	293.202213	293.202205	293.202221	7.69919723e-07	0.0533254839	0	0	0.395526	0	0	3
695	71	0.899144636	17.375	293.202221	293.202213	293.202205	293.202221	7.69919723e-07	0.0533254839	0	0	0.39661	0	0	3
696	72	0.900462678	17.4	293.202205	293.202213	293.202205	293.202221	7.69919723e-07	0.0533254839	0	0	0.395526	0	0	3
697	72	0.901781205	17.425	293.202221	293.202213	293.202205	293.202221	7.69919723e-07	0.0533254839	0	0	0.39661	0	0	3
698	72	0.903099247	17.45	293.202205	293.202213	293.202205	293.202221	7.69919723e-07	0.0533254839	0	0	0.395526	0	0	3
699	72	0.904417775	17.475	293.202221	293.202213	293.202205	293.202221	7.69919723e-07	0.0533254839	0	0	0.39661	0	0	3
700	72	0.905735817	17.5	293.202205	293.202213	293.202205	293.202221	7.69919723e-07	0.0533254839	0	0	0.395526	0	0	3
701	72	0.907054345	17.525	293.202221	293.202213	293.202205	293.202221	7.69919779e-07	0.0533254839	0	0	0.39661	0	0	3
702	72	0.908372387	17.55	293.202205	293.202213	293.202205	293.202221	7.69919779e-07	0.0533254839	0	0	0.395526	0	0	3
703	72	0.909690915	17.575	293.202221	293.202213	293.202205	293.202221	7.69919779e-07	0.0533254839	0	0	0.39661	0	0	3
704	72	0.911008957	17.6	293.202205	293.202213	293.202205	293.202221	7.69919779e-07	0.0533254839	0	0	0.395526	0	0	3
705	72	0.912327485	17.625	293.202221	293.202213	293.202205	293.202221	7.69919779e-07	0.0533254839	0	0	0.39661	0	0	3
706	73	0.913645526	17.65	293.202205	293.202213	293.202205	293.202221	7.69919779e-07	0.0533254839	0	0	0.395526	0	0	3
707	73	0.914964054	17.675	293.202221	293.202213	293.202205	293.202221	7.69919779e-07	0.0533254839	0	0	0.39661	0	0	3
708	73	0.916282096	17.7	293.202205	293.202213	293.202205	293.202221	7.69919779e-07	0.0533254839	0	0	0.395526	0	0	3
709	73	0.917600624	17.725	293.202221	293.202213	293.202205	293.202221	7.69919779e-07	0.0533254839	0	0	0.39661	0	0	3
710	73	0.918918666	17.75	293.202205	293.202213	293.202205	293.202221	7.69919779e-07	0.0533254839	0	0	0.395526	0	0	3
711	73	0.920237194	17.775	293.202221	293.202213	293.202205	293.202221	7.69919779e-07	0.0533254839	0	0	0.39661	0	0	3
712	73	0.921555236	17.8	293.202205	293.202213	293.202205	293.202221	7.69919779e-07	0.0533254839	0	0	0.395526	0	0	3
713	73	0.922873764	17.825	293.202221	293.202213	293.202205	293.202221	7.69919723e-07	0.0533254839	0	0	0.39661	0	0	3
714	73	0.924191805	17.85	293.202205	293.202213	293.202205	293.202221	7.69919723e-07	0.0533254839	0	0	0.395526	0	0	3
715	74	0.925510333	17.875	293.202221	293.202213	293.202205	293.202221	7.69919723e-07	0.0533254839	0	0	0.39661	0	0	3
716	74	0.926828375	17.9	293.202205	293.202213	293.202205	293.202221	7.69919723e-07	0.0533254839	0	0	0.395526	0	0	3
717	74	0.928146903	17.925	293.202221	293.202213	293.202205	293.202221	7.69919723e-07	0.0533254839	0	0	0.39661	0	0	3
718	74	0.929464945	17.95	293.202205	293.202213	293.202205	293.202221	7.69919723e-07	0.0533254839	0	0	0.395526	0	0	3
719	74	0.930783473	17.975	293.202221	293.202213	293.202205	293.202221	7.69919723e-07	0.0533254839	0	0	0.39661	0	0	3
720	74	0.932101515	18	293.202205	293.202213	293.202205	293.202221	7.69919723e-07	0.0533254839	0	0	0.395526	0	0	3
721	74	0.933420043	18.025	293.202221	293.202213	293.202205	293.202221	7.69919723e-07	0.0533254839	0	0	0.39661	0	0	3
722	74	0.934738085	18.05	293.202205	293.202213	293.202205	293.202221	7.69919666e-07	0.0533254839	0	0	0.395526	0	0	3
723	74	0.936056613	18.075	293.202221	293.202213	293.202205	293.202221	7.69919666e-07	0.0533254839	0	0	0.39661	0	0	3
724	75	0.937374654	18.1	293.202205	293.202213	293.202205	293.202221	7.69919666e-07	0.0533254839	0	0	0.395526	0	0	3
725	75	0.938693182	18.125	293.202221	293.202213	293.202205	293.202221	7.69919666e-07	0.0533254839	0	0	0.39661	0	0	3
726	75	0.940011224	18.15	293.202205	293.202213	293.202205	293.202221	7.69919666e-07	0.0533254839	0	0	0.395526	0	0	3
727	75	0.941329752	18.175	293.202221	293.202213	293.202205	293.202221	7.69919666e-07	0.0533254839	0	0	0.39661	0	0	3
728	75	0.942647794	18.2	293.202205	293.202213	293.202205	293.202221	7.69919666e-07	0.0533254839	0	0	0.395526	0	0	3
729	75	0.943966322	18.225	293.202221	293.202213	293.202205	293.202221	7.69919666e-07	0.0533254839	0	0	0.39661	0	0	3
730	75	0.945284364	18.25	293.202205	293.202213	293.202205	293.202221	7.69919666e-07	0.0533254839	0	0	0.395526	0	0	3
731	75	0.946602892	18.275	293.202221	293.202213	293.202205	293.202221	7.69919723e-07	0.0533254839	0	0	0.39661	0	0	3
732	75	0.947920933	18.3	293.202205	293.202213	293.202205	293.202221	7.69919723e-07	0.0533254839	0	0	0.395526	0	0	3
733	75	0.949239461	18.325	293.202221	293.202213	293.202205	293.202221	7.69919723e-07	0.0533254839	0	0	0.39661	0	0	3
734	76	0.950557503	18.35	293.202205	293.202213	293.202205	293.202221	7.69919723e-07	0.0533254839	0	0	0.395526	0	0	3
735	76	0.951876031	18.375	293.202221	293.202213	293.202205	293.202221	7.69919723e-07	0.0533254839	0	0	0.39661	0	0	3
736	76	0.953194073	18.4	293.202205	293.202213	293.202205	293.202221	7.69919723e-07	0.0533254839	0	0	0.395526	0	0	3
737	76	0.954512601	18.425	293.202221	293.202213	293.202205	293.202221	7.69919723e-07	0.0533254839	0	0	0.39661	0	0	3
738	76	0.955830643	18.45	293.202205	293.202213	293.202205	293.202221	7.69919723e-07	0.0533254839	0	0	0.395526	0	0	3
739	76	0.957149171	18.475	293.202221	293.202213	293.202205	293.202221	7.69919723e-07	0.0533254839	0	0	0.39661	0	0	3
740	76	0.958467213	18.5	293.202205	293.202213	293.202205	293.202221	7.69919779e-07	0.0533254839	0	0	0.395526	0	0	3
741	76	0.95978574	18.525	293.202221	293.202213	293.202205	293.202221	7.69919779e-07	0.0533254839	0	0	0.39661	0	0	3
742	76	0.961103782	18.55	293.202205	293.202213	293.202205	293.202221	7.69919779e-07	0.0533254839	0	0	0.395526	0	0	3
743	77	0.96242231	18.575	293.202221	293.202213	293.202205	293.202221	7.69919779e-07	0.0533254839	0	0	0.39661	0	0	3
744	77	0.963740352	18.6	293.202205	293.202213	293.202205	293.202221	7.69919779e-07	0.0533254839	0	0	0.395526	0	0	3
745	77	0.96505888	18.625	293.202221	293.202213	293.202205	293.202221	7.69919779e-07	0.0533254839	0	0	0.39661	0	0	3
746	77	0.966376922	18.65	293.202205	293.202213	293.202205	293.202221	7.69919779e-07	0.0533254839	0	0	0.395526	0	0	3
747	77	0.96769545	18.675	293.202221	293.202213	293.202205	293.202221	7.69919779e-07	0.0533254839	0	0	0.39661	0	0	3
748	77	0.969013492	18.7	293.202205	293.202213	293.202205	293.202221	7.69919779e-07	0.0533254839	0	0	0.395526	0	0	3
749	77	0.97033202	18.725	293.202221	293.202213	293.202205	293.202221	7.69919779e-07	0.0533254839	0	0	0.39661	0	0	3
750	77	0.971650061	18.75	293.202205	293.202213	293.202205	293.202221	7.69919779e-07	0.0533254839	0	0	0.395526	0	0	3
751	77	0.972968589	18.775	293.202221	293.202213	293.202205	293.202221	7.69919779e-07	0.0533254839	0	0	0.39661	0	0	3
752	78	0.974286631	18.8	293.202205	293.202213	293.202205	293.202221	7.69919723e-07	0.0533254839	0	0	0.395526	0	0	3
753	78	0.975605159	18.825	293.202221	293.202213	293.202205	293.202221	7.69919723e-07	0.0533254839	0	0	0.39661	0	0	3
754	78	0.976923201	18.85	293.202205	293.202213	293.202205	293.202221	7.69919723e-07	0.0533254839	0	0	0.395526	0	0	3
755	78	0.978241729	18.875	293.202221	293.202213	293.202205	293.202221	7.69919723e-07	0.0533254839	0	0	0.39661	0	0	3
756	78	0.979559771	18.9	293.202205	293.202213	293.202205	293.202221	7.69919723e-07	0.0533254839	0	0	0.395526	0	0	3
757	78	0.980878299	18.925	293.202221	293.202213	293.202205	293.202221	7.69919723e-07	0.0533254839	0	0	0.39661	0	0	3
758	78	0.98219634	18.95	293.202205	293.202213	293.202205	293.202221	7.69919723e-07	0.0533254839	0	0	0.395526	0	0	3
759	78	0.983514868	18.975	293.202221	293.202213	293.202205	293.202221	7.69919723e-07	0.0533254839	0	0	0.39661	0	0	3
760	79	0.98483291	19	293.202205	293.202213	293.202205	293.202221	7.69919723e-07	0.0533254839	0	0	0.395526	0	0	3
761	79	0.986151438	19.025	293.202221	293.202213	293.202205	293.202221	7.69919723e-07	0.0533254839	0	0	0.39661	0	0	3
762	79	0.98746948	19.05	293.202205	293.202213	293.202205	293.202221	7.69919723e-07	0.0533254839	0	0	0.395526	0	0	3
763	79	0.988788008	19.075	293.202221	293.202213	293.202205	293.202221	7.69919723e-07	0.0533254839	0	0	0.39661	0	0	3
764	79	0.99010605	19.1	293.202205	293.202213	293.202205	293.202221	7.69919723e-07	0.0533254839	0	0	0.395526	0	0	3
765	79	0.991424578	19.125	293.202221	293.202213	293.202205	293.202221	7.69919666e-07	0.0533254839	0	0	0.39661	0	0	3
766	79	0.99274262	19.15	293.202205	293.202213	293.202205	293.202221	7.69919666e-07	0.0533254839	0	0	0.395526	0	0	3
767	79	0.994061147	19.175	293.202221	293.202213	293.202205	293.202221	7.69919723e-07	0.0533254839	0	0	0.39661	0	0	3
768	79	0.995379189	19.2	293.202205	293.202213	293.202205	293.202221	7.69919723e-07	0.0533254839	0	0	0.395526	0	0	3
769	80	0.996697717	19.225	293.202221	293.202213	293.202205	293.202221	7.69919723e-07	0.0533254839	0	0	0.39661	0	0	3
770	80	0.998015759	19.25	293.202205	293.202213	293.202205	293.202221	7.69919723e-07	0.0533254839	0	0	0.395526	0	0	3
771	80	0.999334287	19.275	293.202221	293.202213	293.202205	293.202221	7.69919723e-07	0.0533254839	0	0	0.39661	0	0	3
772	80	1	19.3	293.202203	293.202213	293.202203	293.202221	7.69919723e-07	0.0533254839	0	0	0.395802	0	0	3
