Iteration	CPUTime	PhysTime	Travels	Value	AvValue	MinValue	MaxValue	Delta	Criteria	Progress	dGMaxMin	CriteriaType	CriteriaVarType	CriteriaPercentage
1	0	0.000279645314	0.025	-3.9941344e-44	-3.9941344e-44	-3.9941344e-44	-3.9941344e-44	0	0	0	0	0	0	0	3
2	0	0.00054667319	0.05	0.000118136787	5.77050714e-05	-3.9941344e-44	0.000118136787	5.77050714e-05	0	0	0	0	0	0	3
3	0	0.000805695405	0.075	4.96170303e-06	4.07486583e-05	-3.9941344e-44	0.000118136787	5.77050714e-05	0	0	0	0	0	0	3
4	0	0.00105736604	0.1	8.06662189e-05	5.02496992e-05	-3.9941344e-44	0.000118136787	5.77050714e-05	0	0	0	0	0	0	3
5	0	0.00132395021	0.125	-6.03994161e-07	4.00100472e-05	-6.03994161e-07	0.000118136787	5.77050714e-05	0	0	0	0	0	0	3
6	0	0.00191705449	0.15	2.5043816e-07	2.77090956e-05	-6.03994161e-07	0.000118136787	5.77050714e-05	0	0	0	0	0	0	3
7	0	0.00293097299	0.175	-3.69989746e-07	1.79956305e-05	-6.03994161e-07	0.000118136787	5.77050714e-05	0	0	0	0	0	0	3
8	0	0.00384184351	0.2	3.12783645e-06	1.44705948e-05	-6.03994161e-07	0.000118136787	5.77050714e-05	0	0	0	0	0	0	3
9	0	0.00457049208	0.225	5.71808403e-06	1.30752299e-05	-6.03994161e-07	0.000118136787	5.77050714e-05	0	0	0	0	0	0	3
10	0	0.00519619828	0.25	5.33879796e-06	1.21436385e-05	-6.03994161e-07	0.000118136787	5.77050714e-05	0	0	0	0	0	0	3
11	0	0.00602898841	0.275	5.82953906e-06	1.12714657e-05	-6.03994161e-07	0.000118136787	5.77050714e-05	0	0	0	0	0	0	3
12	1	0.00675594734	0.3	1.13259337e-05	1.12773266e-05	-6.03994161e-07	0.000118136787	5.77050714e-05	0	0	0	0	0	0	3
13	1	0.00741343304	0.325	1.24948495e-05	1.13853068e-05	-6.03994161e-07	0.000118136787	5.77050714e-05	0	0	0	0	0	0	3
14	1	0.00802034335	0.35	1.07369228e-05	1.13362427e-05	-6.03994161e-07	0.000118136787	5.77050714e-05	0	0	0	0	0	0	3
15	1	0.00858840123	0.375	6.2824555e-05	1.47418057e-05	-6.03994161e-07	0.000118136787	5.77050714e-05	0	0	0	0	0	0	3
16	1	0.00939348485	0.4	1.01627695e-05	1.43493521e-05	-6.03994161e-07	0.000118136787	5.77050714e-05	0	0	0	0	0	0	3
17	1	0.0101446453	0.425	1.41378112e-05	1.43336886e-05	-6.03994161e-07	0.000118136787	5.77050714e-05	0	0	0	0	0	0	3
18	1	0.0108547645	0.45	1.63394802e-05	1.44649075e-05	-6.03994161e-07	0.000118136787	5.77050714e-05	0	0	0	0	0	0	3
19	1	0.0115328118	0.475	1.50083342e-05	1.44968572e-05	-6.03994161e-07	0.000118136787	5.77050714e-05	0	0	0	0	0	0	3
20	1	0.0121814757	0.5	1.80024833e-05	1.46835319e-05	-6.03994161e-07	0.000118136787	5.77050714e-05	0	0	0	0	0	0	3
21	1	0.0131204142	0.525	7.80523656e-05	1.96369436e-05	-6.03994161e-07	0.000118136787	4.64336057e-05	0	0	0	0	0	0	3
22	1	0.0140181567	0.55	1.76104863e-05	1.75494644e-05	-6.03994161e-07	8.06662189e-05	3.89782334e-05	0	0	0	0	0	0	3
23	1	0.0148844193	0.575	2.01376258e-05	1.7940305e-05	-6.03994161e-07	8.06662189e-05	3.89782334e-05	0	0	0	0	0	0	3
24	1	0.0157253065	0.6	2.63921109e-05	1.7348589e-05	-6.03994161e-07	7.80523656e-05	2.87385814e-05	0	0	0	0	0	0	3
25	1	0.0165446196	0.625	1.78128015e-05	1.76880097e-05	-3.69989746e-07	7.80523656e-05	1.64376299e-05	0	0	0	0	0	0	3
26	1	0.0177456609	0.65	1.47420693e-05	1.81178708e-05	-3.69989746e-07	7.80523656e-05	8.36547785e-06	0	0	0	0	0	0	3
27	1	0.0189127862	0.675	2.17784714e-05	1.95581056e-05	3.12783645e-06	7.80523656e-05	8.36547785e-06	0	0	0	0	0	0	3
28	1	0.0200527148	0.7	2.60230152e-05	2.09359084e-05	5.33879796e-06	7.80523656e-05	9.66444265e-06	0	0	0	0	0	0	3
29	1	0.0211711007	0.725	2.99716627e-05	2.22126029e-05	5.33879796e-06	7.80523656e-05	1.09411371e-05	0	0	0	0	0	0	3
30	1	0.0222739199	0.75	1.831929e-05	2.25794213e-05	5.82953906e-06	7.80523656e-05	1.13079556e-05	0	0	0	0	0	0	3
31	2	0.023706742	0.775	1.5529223e-05	2.27970653e-05	1.01627695e-05	7.80523656e-05	1.15197387e-05	0	0	0	0	0	0	3
32	2	0.0251178678	0.8	1.91045478e-05	2.29674416e-05	1.01627695e-05	7.80523656e-05	1.16311989e-05	0	0	0	0	0	0	3
33	2	0.0265118668	0.825	1.9687405e-05	2.30885621e-05	1.01627695e-05	7.80523656e-05	1.17523194e-05	0	0	0	0	0	0	3
34	2	0.0278904925	0.85	1.71142282e-05	2.30513186e-05	1.01627695e-05	7.80523656e-05	8.75487353e-06	0	0	0	0	0	0	3
35	2	0.0292565061	0.875	1.43660665e-05	2.13841279e-05	1.01627695e-05	7.80523656e-05	8.75487353e-06	0	0	0	0	0	0	3
36	2	0.030610396	0.9	8.21195771e-05	2.56855666e-05	1.41378112e-05	8.21195771e-05	1.1351878e-05	0	0	0	0	0	0	3
37	2	0.0319544324	0.925	7.09303358e-05	2.88715139e-05	1.43660665e-05	8.21195771e-05	1.44066064e-05	0	0	0	0	0	0	3
38	2	0.0332895031	0.95	1.02417086e-05	2.81595437e-05	1.02417086e-05	8.21195771e-05	1.43746568e-05	0	0	0	0	0	0	3
39	2	0.0346166375	0.975	9.24645465e-06	2.7458487e-05	9.24645465e-06	8.21195771e-05	1.41879821e-05	0	0	0	0	0	0	3
40	2	0.0359367749	1	6.73883773e-05	2.99356905e-05	9.24645465e-06	8.21195771e-05	1.25871015e-05	0.132739574	0	0	0	0	0	3
41	2	0.0372508069	1.025	5.7214899e-05	2.95489233e-05	9.24645465e-06	8.21195771e-05	1.25871015e-05	0.133328327	0	0	0	0	0	3
42	2	0.0385594708	1.05	4.80526471e-05	3.09723516e-05	9.24645465e-06	8.21195771e-05	1.36237625e-05	0.133842867	0	0	0	0	0	3
43	2	0.0398635211	1.075	3.97029695e-05	3.18038819e-05	9.24645465e-06	8.21195771e-05	1.44552929e-05	0.134289043	0	0	0	0	0	3
44	2	0.0411636118	1.1	3.20257934e-05	3.18148604e-05	9.24645465e-06	8.21195771e-05	1.44662714e-05	0.134672128	0	0	0	0	0	3
45	2	0.0424602919	1.125	3.35299594e-05	3.20686049e-05	9.24645465e-06	8.21195771e-05	1.43805952e-05	0.134998048	0	0	0	0	0	3
46	2	0.0437541515	1.15	2.71696692e-05	3.22649123e-05	9.24645465e-06	8.21195771e-05	1.41470415e-05	0.135269676	0	0	0	0	0	3
47	2	0.045045659	1.175	1.92020216e-05	3.24178367e-05	9.24645465e-06	8.21195771e-05	1.28597311e-05	0.135495553	0	0	0	0	0	3
48	2	0.0463352301	1.2	1.27772803e-05	3.1947039e-05	9.24645465e-06	8.21195771e-05	1.14819283e-05	0.135680161	0	0	0	0	0	3
49	3	0.0476236746	1.225	3.45442249e-06	3.08604541e-05	3.45442249e-06	8.21195771e-05	1.10337088e-05	0.13577389	0	0	0	0	0	3
50	3	0.0489112882	1.25	-9.71795271e-06	2.90127631e-05	-9.71795271e-06	8.21195771e-05	1.10337088e-05	0.135836139	0	0	0	0	0	3
51	3	0.0501983252	1.275	-6.89666271e-06	2.77800137e-05	-9.71795271e-06	8.21195771e-05	1.10337088e-05	0.135879795	0	0	0	0	0	3
52	3	0.0514862181	1.3	-8.81666135e-05	2.30364528e-05	-8.81666135e-05	8.21195771e-05	1.10337088e-05	0.134963628	0	0	0	0	0	3
53	3	0.0527784194	1.325	-2.72454851e-05	2.08880512e-05	-8.81666135e-05	8.21195771e-05	1.15297855e-05	0.133835364	0	0	0	0	0	3
54	3	0.0540781865	1.35	-2.35818707e-05	1.88519855e-05	-8.81666135e-05	8.21195771e-05	1.35658512e-05	0.133265715	0	0	0	0	0	3
55	3	0.0553835405	1.375	-6.93215305e-06	1.77149086e-05	-8.81666135e-05	8.21195771e-05	1.47029281e-05	0.132928583	0	0	0	0	0	3
56	3	0.0566926683	1.4	-5.6423895e-06	1.67671403e-05	-8.81666135e-05	8.21195771e-05	1.56506964e-05	0.132744352	0	0	0	0	0	3
57	3	0.0580040409	1.425	3.25354818e-05	1.42920468e-05	-8.81666135e-05	7.09303358e-05	1.81257899e-05	0.132672932	0	0	0	0	0	3
58	3	0.0593156515	1.45	4.6287762e-06	1.10466369e-05	-8.81666135e-05	6.73883773e-05	2.13711998e-05	0.132682923	0	0	0	0	0	3
59	3	0.0606276557	1.475	7.54238043e-06	1.09177708e-05	-8.81666135e-05	6.73883773e-05	2.15000659e-05	0.132659767	0	0	0	0	0	3
60	3	0.0619395412	1.5	1.85581542e-05	1.13657967e-05	-8.81666135e-05	6.73883773e-05	2.15000659e-05	0.132629707	0	0	0	0	0	3
61	3	0.0632505764	1.525	4.04254084e-06	8.30659049e-06	-8.81666135e-05	5.7214899e-05	2.41112462e-05	0.132598091	0	0	0	0	0	3
62	3	0.0645645886	1.55	1.59737078e-05	6.3225227e-06	-8.81666135e-05	4.80526471e-05	2.6095314e-05	0.132436728	0	0	0	0	0	3
63	4	0.0658806713	1.575	-3.31441068e-05	2.42254557e-06	-8.81666135e-05	3.97029695e-05	2.99952911e-05	0.132303856	0	0	0	0	0	3
64	4	0.0671990536	1.6	-4.56801896e-06	3.0691879e-07	-8.81666135e-05	3.35299594e-05	3.21109179e-05	0.132181581	0	0	0	0	0	3
65	4	0.0685187045	1.625	-1.78249313e-05	-2.0752748e-06	-8.81666135e-05	3.35299594e-05	3.44931115e-05	0.132087204	0	0	0	0	0	3
66	4	0.0698401806	1.65	-2.05643714e-05	-4.65386449e-06	-8.81666135e-05	3.25354818e-05	3.70717012e-05	0.132015075	0	0	0	0	0	3
67	4	0.0711621427	1.675	-2.25413083e-07	-5.94257394e-06	-8.81666135e-05	3.25354818e-05	3.83604106e-05	0.13196953	0	0	0	0	0	3
68	4	0.0724850448	1.7	4.15831741e-07	-6.81952091e-06	-8.81666135e-05	3.25354818e-05	3.876656e-05	0.131949207	0	0	0	0	0	3
69	4	0.0738079345	1.725	3.85241976e-06	-7.22551184e-06	-8.81666135e-05	3.25354818e-05	3.80859659e-05	0.131939008	0	0	0	0	0	3
70	4	0.0751312473	1.75	3.80736106e-06	-7.19499517e-06	-8.81666135e-05	3.25354818e-05	3.62382749e-05	0.131938773	0	0	0	0	0	3
71	4	0.07645419	1.775	3.16382626e-06	-6.5794928e-06	-8.81666135e-05	3.25354818e-05	3.50055256e-05	0.131945604	0	0	0	0	0	3
72	4	0.0777773979	1.8	2.88138056e-06	-6.11077106e-06	-8.81666135e-05	3.25354818e-05	3.02619647e-05	0.13195862	0	0	0	0	0	3
73	4	0.0791001057	1.825	2.61922204e-06	-1.86557493e-06	-3.31441068e-05	3.25354818e-05	2.81135631e-05	0.131974901	0	0	0	0	0	3
74	4	0.0804230008	1.85	2.56156074e-06	-4.67377274e-07	-3.31441068e-05	3.25354818e-05	2.60774974e-05	0.13199402	0	0	0	0	0	3
75	4	0.0817453482	1.875	1.29881625e-05	1.26161665e-06	-3.31441068e-05	3.25354818e-05	2.49404204e-05	0.132013762	0	0	0	0	0	3
76	5	0.0830679069	1.9	2.7042029e-05	2.87956513e-06	-3.31441068e-05	3.25354818e-05	2.39926521e-05	0.132025047	0	0	0	0	0	3
77	5	0.0843897883	1.925	3.23222759e-06	3.2991938e-06	-3.31441068e-05	3.25354818e-05	2.15175586e-05	0.132038827	0	0	0	0	0	3
78	5	0.0857119962	1.95	9.01548978e-06	2.18826603e-06	-3.31441068e-05	2.7042029e-05	1.85913085e-05	0.132051327	0	0	0	0	0	3
79	5	0.0870336599	1.975	3.1216609e-06	2.11728818e-06	-3.31441068e-05	2.7042029e-05	1.85913085e-05	0.132067174	0	0	0	0	0	3
80	5	0.0883554462	2	2.19703104e-06	1.8643888e-06	-3.31441068e-05	2.7042029e-05	1.85913085e-05	0.132103978	0	0	0	0	0	3
81	5	0.0896769994	2.025	-3.73505295e-06	8.08045803e-07	-3.31441068e-05	2.7042029e-05	1.55321023e-05	0.132109666	0	0	0	0	0	3
82	5	0.090998512	2.05	6.46008453e-06	9.24404148e-07	-3.31441068e-05	2.7042029e-05	1.35480345e-05	0.132121758	0	0	0	0	0	3
83	5	0.092319574	2.075	2.13961034e-06	2.69761181e-07	-3.31441068e-05	2.7042029e-05	1.05247056e-05	0.132148075	0	0	0	0	0	3
84	5	0.0936410438	2.1	-2.84171091e-06	1.70575401e-06	-2.05643714e-05	2.7042029e-05	1.05247056e-05	0.132141524	0	0	0	0	0	3
85	5	0.0949619462	2.125	1.85355747e-05	2.80440688e-06	-2.05643714e-05	2.7042029e-05	1.05247056e-05	0.132144986	0	0	0	0	0	3
86	5	0.0962830535	2.15	1.56671657e-06	3.72603494e-06	-2.05643714e-05	2.7042029e-05	1.09515468e-05	0.132164142	0	0	0	0	0	3
87	5	0.0976039724	2.175	2.48113515e-06	4.82295932e-06	-3.73505295e-06	2.7042029e-05	1.20484712e-05	0.132168418	0	0	0	0	0	3
88	5	0.0989248899	2.2	1.53665499e-06	4.90698631e-06	-3.73505295e-06	2.7042029e-05	1.21324981e-05	0.132168847	0	0	0	0	0	3
89	5	0.100245409	2.225	2.2535252e-06	4.99478822e-06	-3.73505295e-06	2.7042029e-05	1.22203001e-05	0.132188136	0	0	0	0	0	3
90	5	0.101566243	2.25	-4.42016388e-06	4.60123537e-06	-4.42016388e-06	2.7042029e-05	1.21897834e-05	0.132194317	0	0	0	0	0	3
91	5	0.102886472	2.275	3.73747201e-06	4.59799916e-06	-4.42016388e-06	2.7042029e-05	1.1574281e-05	0.13219588	0	0	0	0	0	3
92	6	0.104206891	2.3	2.0317159e-06	4.54426596e-06	-4.42016388e-06	2.7042029e-05	1.11055593e-05	0.132216563	0	0	0	0	0	3
93	6	0.105527051	2.325	5.53296945e-06	4.67059511e-06	-4.42016388e-06	2.7042029e-05	6.86036315e-06	0.13223763	0	0	0	0	0	3
94	6	0.106847164	2.35	2.60874206e-06	4.67028835e-06	-4.42016388e-06	2.7042029e-05	5.4621655e-06	0.132258858	0	0	0	0	0	3
95	6	0.108166744	2.375	1.90038477e-06	4.63909274e-06	-4.42016388e-06	2.7042029e-05	4.72502704e-06	0.132299956	0	0	0	0	0	3
96	6	0.10948645	2.4	4.69516741e-07	4.04275796e-06	-4.42016388e-06	2.7042029e-05	4.72502704e-06	0.13232533	0	0	0	0	0	3
97	6	0.110805391	2.425	4.65319879e-06	2.97515029e-06	-4.42016388e-06	1.85355747e-05	4.72502704e-06	0.132337291	0	0	0	0	0	3
98	6	0.11212443	2.45	1.85061251e-06	2.90941535e-06	-4.42016388e-06	1.85355747e-05	4.72502704e-06	0.132364677	0	0	0	0	0	3
99	6	0.113443701	2.475	-1.00522935e-05	2.00166364e-06	-1.00522935e-05	1.85355747e-05	4.72502704e-06	0.132376672	0	0	0	0	0	3
100	6	0.114762196	2.5	1.18024562e-05	2.41430845e-06	-1.00522935e-05	1.85355747e-05	4.72502704e-06	0.132379885	0	0	0	0	0	3
101	6	0.116080978	2.525	3.09212418e-06	2.45690765e-06	-1.00522935e-05	1.85355747e-05	4.72502704e-06	0.132387404	0	0	0	0	0	3
102	6	0.117399451	2.55	-1.23069644e-06	2.57670217e-06	-1.00522935e-05	1.85355747e-05	4.72502704e-06	0.132394699	0	0	0	0	0	3
103	6	0.118718212	2.575	3.105075e-06	2.41670255e-06	-1.00522935e-05	1.85355747e-05	4.72502704e-06	0.132401071	0	0	0	0	0	3
104	6	0.120036592	2.6	7.09781484e-06	2.65257009e-06	-1.00522935e-05	1.85355747e-05	3.28903421e-06	0.132407019	0	0	0	0	0	3
105	6	0.121355279	2.625	8.34883379e-06	3.1855854e-06	-1.00522935e-05	1.85355747e-05	2.99312458e-06	0.132414164	0	0	0	0	0	3
106	6	0.122673569	2.65	6.44955183e-06	2.60918527e-06	-1.00522935e-05	1.18024562e-05	2.99312458e-06	0.132422053	0	0	0	0	0	3
107	7	0.123992202	2.675	-3.38145898e-06	2.37380281e-06	-1.00522935e-05	1.18024562e-05	2.99312458e-06	0.132419069	0	0	0	0	0	3
108	7	0.125310308	2.7	2.44032272e-05	3.41671792e-06	-1.00522935e-05	2.44032272e-05	2.99312458e-06	0.132420599	0	0	0	0	0	3
109	7	0.126628842	2.725	-9.18924385e-06	2.90639434e-06	-1.00522935e-05	2.44032272e-05	2.99312458e-06	0.132417736	0	0	0	0	0	3
110	7	0.127946953	2.75	3.09417534e-06	2.94645139e-06	-1.00522935e-05	2.44032272e-05	2.66893147e-06	0.132420447	0	0	0	0	0	3
111	7	0.129265513	2.775	-6.25984264e-06	2.85948256e-06	-1.00522935e-05	2.44032272e-05	2.66893147e-06	0.132417199	0	0	0	0	0	3
112	7	0.130583608	2.8	4.78688437e-06	2.90935598e-06	-1.00522935e-05	2.44032272e-05	2.66893147e-06	0.132421132	0	0	0	0	0	3
113	7	0.131902189	2.825	-4.37994502e-06	2.60415324e-06	-1.00522935e-05	2.44032272e-05	2.66893147e-06	0.132418086	0	0	0	0	0	3
114	7	0.133220275	2.85	5.61916256e-06	2.60803636e-06	-1.00522935e-05	2.44032272e-05	2.66862471e-06	0.132423142	0	0	0	0	0	3
115	7	0.134538842	2.875	-3.72885082e-06	2.30626544e-06	-1.00522935e-05	2.44032272e-05	2.6374291e-06	0.132419989	0	0	0	0	0	3
116	7	0.135856901	2.9	4.83852184e-06	2.44614381e-06	-1.00522935e-05	2.44032272e-05	2.04109432e-06	0.132424884	0	0	0	0	0	3
117	7	0.137175423	2.925	-4.91177636e-06	2.18997621e-06	-1.00522935e-05	2.44032272e-05	1.41505428e-06	0.132421727	0	0	0	0	0	3
118	7	0.138493438	2.95	4.15826702e-06	2.16633386e-06	-1.00522935e-05	2.44032272e-05	1.41505428e-06	0.132426287	0	0	0	0	0	3
119	7	0.139811919	2.975	-5.29370217e-06	1.82612708e-06	-1.00522935e-05	2.44032272e-05	1.59059085e-06	0.132422772	0	0	0	0	0	3
120	7	0.141129901	3	3.96525577e-06	2.49397549e-06	-9.18924385e-06	2.44032272e-05	1.59059085e-06	0.132426919	0	0	0	0	0	3
121	7	0.142448363	3.025	-5.39131647e-06	1.675168e-06	-9.18924385e-06	2.44032272e-05	1.74154992e-06	0.132422972	0	0	0	0	0	3
122	7	0.143766335	3.05	3.88027557e-06	1.71264682e-06	-9.18924385e-06	2.44032272e-05	1.74154992e-06	0.13242674	0	0	0	0	0	3
123	8	0.145084797	3.075	-5.42843653e-06	1.51273861e-06	-9.18924385e-06	2.44032272e-05	1.90397931e-06	0.132422468	0	0	0	0	0	3
124	12	0.146402776	3.1	3.87937745e-06	1.54955585e-06	-9.18924385e-06	2.44032272e-05	1.90397931e-06	0.132425979	0	0	0	0	0	3
125	12	0.14772125	3.125	-5.38121856e-06	9.55264094e-07	-9.18924385e-06	2.44032272e-05	2.46145383e-06	0.132421523	0	0	0	0	0	3
126	13	0.149039243	3.15	3.96185737e-06	7.46221434e-07	-9.18924385e-06	2.44032272e-05	2.67049649e-06	0.132424901	0	0	0	0	0	3
127	13	0.150357733	3.175	-5.27146646e-06	1.88035781e-07	-9.18924385e-06	2.44032272e-05	3.22868214e-06	0.132420374	0	0	0	0	0	3
128	13	0.151675742	3.2	4.08870389e-06	5.4376954e-07	-9.18924385e-06	2.44032272e-05	3.22868214e-06	0.132423708	0	0	0	0	0	3
129	13	0.152994247	3.225	-5.14462514e-06	-8.63165043e-07	-9.18924385e-06	5.61916256e-06	3.80961643e-06	0.132419187	0	0	0	0	0	3
130	13	0.154312271	3.25	4.22641766e-06	-2.24284285e-07	-6.25984264e-06	5.61916256e-06	3.80961643e-06	0.13242253	0	0	0	0	0	3
131	13	0.15563079	3.275	-5.01436582e-06	-6.10426916e-07	-6.25984264e-06	5.61916256e-06	3.77252103e-06	0.132418055	0	0	0	0	0	3
132	13	0.156948827	3.3	4.35184877e-06	-1.05084436e-07	-5.42843653e-06	5.61916256e-06	3.77252103e-06	0.132421441	0	0	0	0	0	3
133	13	0.158267357	3.325	-4.9036697e-06	-5.66552242e-07	-5.42843653e-06	5.61916256e-06	3.47120141e-06	0.132417038	0	0	0	0	0	3
134	13	0.159585405	3.35	4.45369191e-06	-1.45893509e-07	-5.42843653e-06	5.61916256e-06	3.47120141e-06	0.132420487	0	0	0	0	0	3
135	13	0.160903944	3.375	-4.80852142e-06	-6.42457063e-07	-5.42843653e-06	4.83852184e-06	3.35714053e-06	0.132416167	0	0	0	0	0	3
136	13	0.162222	3.4	4.54614063e-06	-2.48409593e-07	-5.42843653e-06	4.83852184e-06	3.35714053e-06	0.132419688	0	0	0	0	0	3
137	13	0.163540546	3.425	-4.73037751e-06	-7.040778e-07	-5.42843653e-06	4.54614063e-06	3.35714053e-06	0.132415458	0	0	0	0	0	3
138	13	0.164858608	3.45	4.62186202e-06	-2.50088689e-07	-5.42843653e-06	4.62186202e-06	3.35714053e-06	0.132419052	0	0	0	0	0	3
139	13	0.16617716	3.475	-4.66868828e-06	-6.7042337e-07	-5.42843653e-06	4.62186202e-06	3.35714053e-06	0.132414909	0	0	0	0	0	3
140	13	0.167495227	3.5	4.68064913e-06	-1.95451988e-07	-5.42843653e-06	4.68064913e-06	3.35714053e-06	0.132418576	0	0	0	0	0	3
141	14	0.168813783	3.525	-4.62025013e-06	-6.04284882e-07	-5.42843653e-06	4.68064913e-06	2.57581186e-06	0.132414516	0	0	0	0	0	3
142	14	0.170131853	3.55	4.72745763e-06	-1.22440739e-07	-5.42843653e-06	4.72745763e-06	2.57581186e-06	0.132418252	0	0	0	0	0	3
143	14	0.171450411	3.575	-4.58300196e-06	-5.25451431e-07	-5.42843653e-06	4.72745763e-06	2.4127209e-06	0.132414266	0	0	0	0	0	3
144	14	0.172768483	3.6	4.7628645e-06	-4.01554922e-08	-5.38121856e-06	4.7628645e-06	2.4127209e-06	0.132418063	0	0	0	0	0	3
145	14	0.174087043	3.625	-4.55663515e-06	-4.41867744e-07	-5.38121856e-06	4.7628645e-06	1.81842914e-06	0.132414143	0	0	0	0	0	3
146	14	0.175405116	3.65	4.78760121e-06	4.23574618e-08	-5.27146646e-06	4.78760121e-06	1.60938648e-06	0.13241799	0	0	0	0	0	3
147	14	0.176723676	3.675	-4.54008112e-06	-3.62494396e-07	-5.27146646e-06	4.78760121e-06	1.40693458e-06	0.132414125	0	0	0	0	0	3
148	14	0.178041748	3.7	4.80298277e-06	1.1723742e-07	-5.14462514e-06	4.80298277e-06	1.40693458e-06	0.132418013	0	0	0	0	0	3
149	14	0.179360307	3.725	-4.53192682e-06	-2.93266701e-07	-5.14462514e-06	4.80298277e-06	9.80402463e-07	0.132414192	0	0	0	0	0	3
150	14	0.180678379	3.75	4.81050524e-06	1.80783886e-07	-5.01436582e-06	4.81050524e-06	8.84861685e-07	0.132418112	0	0	0	0	0	3
151	14	0.181996937	3.775	-4.5306511e-06	-2.36217473e-07	-5.01436582e-06	4.81050524e-06	8.84861685e-07	0.132414324	0	0	0	0	0	3
152	14	0.183315008	3.8	4.81170915e-06	2.31688158e-07	-4.9036697e-06	4.81170915e-06	9.35765957e-07	0.132418266	0	0	0	0	0	3
153	14	0.184633564	3.825	-4.53474261e-06	-1.91481149e-07	-4.9036697e-06	4.81170915e-06	9.35765957e-07	0.132414503	0	0	0	0	0	3
154	14	0.185951632	3.85	4.80806555e-06	2.70980247e-07	-4.80852142e-06	4.81170915e-06	9.75058046e-07	0.132418458	0	0	0	0	0	3
155	15	0.187270187	3.875	-4.54280416e-06	-1.57422902e-07	-4.80852142e-06	4.81170915e-06	9.75058046e-07	0.13241471	0	0	0	0	0	3
156	15	0.188588253	3.9	4.80089982e-06	3.00166841e-07	-4.73037751e-06	4.81170915e-06	1.00424464e-06	0.132418672	0	0	0	0	0	3
157	15	0.189906805	3.925	-4.55360311e-06	-1.3315309e-07	-4.73037751e-06	4.81170915e-06	1.00424464e-06	0.132414933	0	0	0	0	0	3
158	15	0.19122487	3.95	4.79112561e-06	3.20250464e-07	-4.66868828e-06	4.81170915e-06	9.90673834e-07	0.132418895	0	0	0	0	0	3
159	15	0.192543419	3.975	-4.56656759e-06	-1.17292843e-07	-4.66868828e-06	4.81170915e-06	9.90673834e-07	0.132415159	0	0	0	0	0	3
160	15	0.193861481	4	4.77979137e-06	3.32633759e-07	-4.62025013e-06	4.81170915e-06	9.36918641e-07	0.132419117	0	0	0	0	0	3
161	15	0.195180029	4.025	-4.58022104e-06	-1.0835936e-07	-4.62025013e-06	4.81170915e-06	9.36918641e-07	0.13241538	0	0	0	0	0	3
162	15	0.196498089	4.05	4.76815489e-06	3.38706855e-07	-4.58300196e-06	4.81170915e-06	8.64158286e-07	0.13241933	0	0	0	0	0	3
163	15	0.197816634	4.075	-4.59367997e-06	-1.05156382e-07	-4.59367997e-06	4.81170915e-06	8.64158286e-07	0.132415589	0	0	0	0	0	3
164	15	0.199134692	4.1	4.75670534e-06	3.3959115e-07	-4.59367997e-06	4.81170915e-06	7.81458894e-07	0.132419529	0	0	0	0	0	3
165	15	0.200453235	4.125	-4.60663823e-06	1.1596977e-07	-4.60663823e-06	4.81170915e-06	7.02085547e-07	0.132415782	0	0	0	0	0	3
166	15	0.201771291	4.15	4.74573257e-06	1.13873763e-07	-4.60663823e-06	4.81170915e-06	7.02085547e-07	0.132419711	0	0	0	0	0	3
167	15	0.203089833	4.175	-4.61880359e-06	1.09940164e-07	-4.61880359e-06	4.81170915e-06	6.32857851e-07	0.132415955	0	0	0	0	0	3
168	15	0.204407887	4.2	4.73554528e-06	1.06565667e-07	-4.61880359e-06	4.81170915e-06	6.32857851e-07	0.132419873	0	0	0	0	0	3
169	16	0.205726427	4.225	-4.6299155e-06	1.01668753e-07	-4.6299155e-06	4.81170915e-06	5.75808623e-07	0.132416109	0	0	0	0	0	3
170	16	0.20704448	4.25	4.72636252e-06	9.7459032e-08	-4.6299155e-06	4.81170915e-06	5.75808623e-07	0.132420015	0	0	0	0	0	3
171	16	0.208363018	4.275	-4.63982118e-06	9.20029665e-08	-4.63982118e-06	4.81170915e-06	5.31072299e-07	0.132416242	0	0	0	0	0	3
172	16	0.20968107	4.3	4.71829503e-06	8.73297832e-08	-4.63982118e-06	4.80806555e-06	5.31072299e-07	0.132420136	0	0	0	0	0	3
173	16	0.210999607	4.325	-4.64846319e-06	8.16460513e-08	-4.64846319e-06	4.80806555e-06	4.97014053e-07	0.132416356	0	0	0	0	0	3
174	16	0.212317658	4.35	4.71137409e-06	7.68091613e-08	-4.64846319e-06	4.80089982e-06	4.97014053e-07	0.132420239	0	0	0	0	0	3
175	16	0.213636194	4.375	-4.65584997e-06	7.11589857e-08	-4.65584997e-06	4.80089982e-06	4.7274424e-07	0.132416451	0	0	0	0	0	3
176	16	0.214954244	4.4	4.70557615e-06	6.63906821e-08	-4.65584997e-06	4.79112561e-06	4.7274424e-07	0.132420325	0	0	0	0	0	3
177	16	0.21627278	4.425	-4.66203598e-06	6.0970946e-08	-4.66203598e-06	4.79112561e-06	4.56883993e-07	0.13241653	0	0	0	0	0	3
178	16	0.217590828	4.45	4.7008382e-06	5.64546742e-08	-4.66203598e-06	4.77979137e-06	4.56883993e-07	0.132420395	0	0	0	0	0	3
179	16	0.218909363	4.475	-4.6671091e-06	5.14292906e-08	-4.6671091e-06	4.77979137e-06	4.4795051e-07	0.132416594	0	0	0	0	0	3
180	16	0.220227412	4.5	4.6970688e-06	4.72914851e-08	-4.6671091e-06	4.76815489e-06	4.4795051e-07	0.132420452	0	0	0	0	0	3
181	16	0.221545946	4.525	-4.67118032e-06	4.27449971e-08	-4.67118032e-06	4.76815489e-06	4.44747532e-07	0.132416645	0	0	0	0	0	3
182	16	0.222863994	4.55	4.69415786e-06	3.90436929e-08	-4.67118032e-06	4.75670534e-06	4.44747532e-07	0.132420497	0	0	0	0	0	3
183	17	0.224182528	4.575	-4.6743742e-06	3.5010247e-08	-4.6743742e-06	4.75670534e-06	3.04580903e-07	0.132416686	0	0	0	0	0	3
184	17	0.225500576	4.6	4.69198561e-06	3.17730214e-08	-4.6743742e-06	4.74573257e-06	8.41967487e-08	0.132420533	0	0	0	0	0	3
185	17	0.226819109	4.625	-4.67682063e-06	2.82649705e-08	-4.67682063e-06	4.74573257e-06	8.5608792e-08	0.132416719	0	0	0	0	0	3
186	17	0.228137156	4.65	4.69043002e-06	2.54988009e-08	-4.67682063e-06	4.73554528e-06	8.44413635e-08	0.132420562	0	0	0	0	0	3
187	17	0.22945569	4.675	-4.67864814e-06	2.25074643e-08	-4.67864814e-06	4.73554528e-06	8.40582024e-08	0.132416745	0	0	0	0	0	3
188	17	0.230773737	4.7	4.68937249e-06	2.01979585e-08	-4.67864814e-06	4.72636252e-06	8.14707949e-08	0.132420585	0	0	0	0	0	3
189	17	0.23209227	4.725	-4.67997895e-06	1.76955208e-08	-4.67997895e-06	4.72636252e-06	7.97635112e-08	0.132416767	0	0	0	0	0	3
190	17	0.233410317	4.75	4.688702e-06	1.58117824e-08	-4.67997895e-06	4.71829503e-06	7.61911841e-08	0.132420603	0	0	0	0	0	3
191	17	0.23472885	4.775	-4.68092552e-06	1.37571653e-08	-4.68092552e-06	4.71829503e-06	7.35726179e-08	0.132416784	0	0	0	0	0	3
192	17	0.236046897	4.8	4.68831793e-06	1.22577276e-08	-4.68092552e-06	4.71137409e-06	6.93883237e-08	0.132420619	0	0	0	0	0	3
193	17	0.23736543	4.825	-4.68158836e-06	1.06019567e-08	-4.68158836e-06	4.71137409e-06	6.62072046e-08	0.132416799	0	0	0	0	0	3
194	17	0.238683476	4.85	4.68813169e-06	9.43936205e-09	-4.68158836e-06	4.70557615e-06	6.17196237e-08	0.132420633	0	0	0	0	0	3
195	17	0.240002009	4.875	-4.68205477e-06	8.12951778e-09	-4.68205477e-06	4.70557615e-06	5.82611644e-08	0.132416813	0	0	0	0	0	3
196	18	0.241320056	4.9	4.68806762e-06	7.25370235e-09	-4.68205477e-06	4.7008382e-06	5.37172437e-08	0.132420646	0	0	0	0	0	3
197	18	0.242638588	4.925	-4.68239847e-06	6.23590224e-09	-4.68239847e-06	4.7008382e-06	5.0218772e-08	0.132416827	0	0	0	0	0	3
198	18	0.243956635	4.95	4.688063e-06	5.59681966e-09	-4.68239847e-06	4.6970688e-06	4.5832471e-08	0.132420659	0	0	0	0	0	3
199	18	0.245275168	4.975	-4.68267978e-06	4.81855642e-09	-4.68267978e-06	4.6970688e-06	4.24729286e-08	0.13241684	0	0	0	0	0	3
200	18	0.246593214	5	4.68806772e-06	4.3682299e-09	-4.68267978e-06	4.69415786e-06	3.83767672e-08	0.132420673	0	0	0	0	0	3
201	18	0.247911746	5.025	-4.68294632e-06	3.78016168e-09	-4.68294632e-06	4.69415786e-06	3.52635312e-08	0.132416854	0	0	0	0	0	3
202	18	0.249229793	5.05	4.6880434e-06	3.47420023e-09	-4.68294632e-06	4.69198561e-06	3.15360467e-08	0.132420686	0	0	0	0	0	3
203	18	0.250548325	5.075	-4.68323404e-06	3.031415e-09	-4.68323404e-06	4.69198561e-06	2.87416064e-08	0.132416869	0	0	0	0	0	3
204	18	0.251866371	5.1	4.68796227e-06	2.83003144e-09	-4.68323404e-06	4.69043002e-06	2.54349391e-08	0.132420701	0	0	0	0	0	3
205	18	0.253184903	5.125	-4.68356841e-06	2.49283429e-09	-4.68356841e-06	4.69043002e-06	2.30059666e-08	0.132416884	0	0	0	0	0	3
206	18	0.254502949	5.15	4.68780598e-06	2.36142832e-09	-4.68356841e-06	4.68937249e-06	2.0146036e-08	0.132420717	0	0	0	0	0	3
207	18	0.255821481	5.175	-4.68396586e-06	2.09572797e-09	-4.68396586e-06	4.68937249e-06	1.81022305e-08	0.1324169	0	0	0	0	0	3
208	18	0.257139527	5.2	4.68756423e-06	2.00511572e-09	-4.68396586e-06	4.688702e-06	1.5690405e-08	0.132420733	0	0	0	0	0	3
209	18	0.258458059	5.225	-4.68443509e-06	1.7824945e-09	-4.68443509e-06	4.688702e-06	1.40292879e-08	0.132416917	0	0	0	0	0	3
210	19	0.259776105	5.25	4.68723342e-06	1.70886464e-09	-4.68443509e-06	4.68831793e-06	1.20483007e-08	0.13242075	0	0	0	0	0	3
211	19	0.261094637	5.275	-4.68497846e-06	1.50640808e-09	-4.68497846e-06	4.68831793e-06	1.07513195e-08	0.132416935	0	0	0	0	0	3
212	19	0.262412682	5.3	4.68681538e-06	1.4310747e-09	-4.68497846e-06	4.68813169e-06	9.17088198e-09	0.132420768	0	0	0	0	0	3
213	19	0.263731214	5.325	-4.68559333e-06	1.2310245e-09	-4.68559333e-06	4.68813169e-06	8.20833755e-09	0.132416954	0	0	0	0	0	3
214	19	0.265049259	5.35	4.68631611e-06	1.14003203e-09	-4.68559333e-06	4.68806772e-06	6.98948575e-09	0.132420787	0	0	0	0	0	3
215	19	0.26636779	5.375	-4.6862732e-06	9.29318386e-10	-4.6862732e-06	4.68806772e-06	6.32438396e-09	0.132416972	0	0	0	0	0	3
216	19	0.267685836	5.4	4.68574471e-06	8.12951151e-10	-4.6862732e-06	4.68806772e-06	5.42295109e-09	0.132420806	0	0	0	0	0	3
217	19	0.269004367	5.425	-4.68700886e-06	5.82648865e-10	-4.68700886e-06	4.68806772e-06	5.01417079e-09	0.132416991	0	0	0	0	0	3
218	19	0.270322412	5.45	4.68511236e-06	4.34886401e-10	-4.68700886e-06	4.68806772e-06	4.38367002e-09	0.132420824	0	0	0	0	0	3
219	19	0.271640943	5.475	-4.68778932e-06	1.79635277e-10	-4.68778932e-06	4.68806772e-06	4.18859462e-09	0.13241701	0	0	0	0	0	3
220	19	0.272958988	5.5	4.68443147e-06	-2.4154368e-12	-4.68778932e-06	4.6880434e-06	3.78257712e-09	0.132420843	0	0	0	0	0	3
221	19	0.274277519	5.525	-4.68860264e-06	-2.84997542e-10	-4.68860264e-06	4.6880434e-06	3.75919777e-09	0.132417029	0	0	0	0	0	3
222	19	0.275595563	5.55	4.68371496e-06	-5.01663519e-10	-4.68860264e-06	4.68796227e-06	3.53307852e-09	0.132420862	0	0	0	0	0	3
223	20	0.276914094	5.575	-4.68943658e-06	-8.11551203e-10	-4.68943658e-06	4.68796227e-06	3.64158264e-09	0.132417048	0	0	0	0	0	3
224	20	0.278232138	5.6	4.68297562e-06	-1.06113213e-09	-4.68943658e-06	4.68780598e-06	3.55396642e-09	0.13242088	0	0	0	0	0	3
225	20	0.279550669	5.625	-4.6902792e-06	-1.39642785e-09	-4.6902792e-06	4.68780598e-06	3.75785617e-09	0.132417066	0	0	0	0	0	3
226	20	0.280868713	5.65	4.68222571e-06	-1.67569266e-09	-4.6902792e-06	4.68756423e-06	3.77142063e-09	0.132420898	0	0	0	0	0	3
227	20	0.282187243	5.675	-4.69111926e-06	-2.03311721e-09	-4.69111926e-06	4.68756423e-06	4.03823294e-09	0.132417083	0	0	0	0	0	3
228	20	0.283505288	5.7	4.6814765e-06	-2.33775505e-09	-4.69111926e-06	4.68723342e-06	4.12024955e-09	0.132420914	0	0	0	0	0	3
229	20	0.284823818	5.725	-4.69194656e-06	-2.71308371e-09	-4.69194656e-06	4.68723342e-06	4.42194835e-09	0.1324171	0	0	0	0	0	3
230	20	0.286141862	5.75	4.6807381e-06	-3.03809848e-09	-4.69194656e-06	4.68681538e-06	4.54450656e-09	0.13242093	0	0	0	0	0	3
231	20	0.287460392	5.775	-4.69275214e-06	-3.42654044e-09	-4.69275214e-06	4.68681538e-06	4.85761514e-09	0.132417115	0	0	0	0	0	3
232	20	0.288778435	5.8	4.68001927e-06	-3.76659073e-09	-4.69275214e-06	4.68631611e-06	4.99761523e-09	0.132420946	0	0	0	0	0	3
233	20	0.290096965	5.825	-4.69352843e-06	-4.16310896e-09	-4.69352843e-06	4.68631611e-06	5.30314099e-09	0.13241713	0	0	0	0	0	3
234	20	0.291415009	5.85	4.67932727e-06	-4.51278913e-09	-4.69352843e-06	4.68574471e-06	5.44210752e-09	0.13242096	0	0	0	0	0	3
235	20	0.292733539	5.875	-4.69426929e-06	-4.91236384e-09	-4.69426929e-06	4.68574471e-06	5.72531499e-09	0.132417144	0	0	0	0	0	3
236	20	0.294051582	5.9	4.67866794e-06	-5.2664326e-09	-4.69426929e-06	4.68511236e-06	5.84908147e-09	0.132420973	0	0	0	0	0	3
237	21	0.295370112	5.925	-4.69497005e-06	-5.6642701e-09	-4.69497005e-06	4.68511236e-06	6.0991565e-09	0.132417157	0	0	0	0	0	3
238	21	0.296688155	5.95	4.67804567e-06	-6.01782582e-09	-4.69497005e-06	4.68443147e-06	6.1974611e-09	0.132420986	0	0	0	0	0	3
239	21	0.298006685	5.975	-4.69562737e-06	-6.40951577e-09	-4.69562737e-06	4.68443147e-06	6.40710033e-09	0.132417169	0	0	0	0	0	3
240	21	0.299324728	6	4.67746346e-06	-6.75812715e-09	-4.69562737e-06	4.68371496e-06	6.47312961e-09	0.132420997	0	0	0	0	0	3
241	21	0.300643257	6.025	-4.69623924e-06	-7.13975528e-09	-4.69623924e-06	4.68371496e-06	6.63809176e-09	0.13241718	0	0	0	0	0	3
242	21	0.3019613	6.05	4.6769231e-06	-7.47954782e-09	-4.69623924e-06	4.68297562e-06	6.66799661e-09	0.132421008	0	0	0	0	0	3
243	21	0.30327983	6.075	-4.69680479e-06	-7.84776784e-09	-4.69680479e-06	4.68297562e-06	6.78663571e-09	0.13241719	0	0	0	0	0	3
244	21	0.304597873	6.1	4.67642524e-06	-8.17547462e-09	-4.69680479e-06	4.68222571e-06	6.77904677e-09	0.132421017	0	0	0	0	0	3
245	21	0.305916402	6.125	-4.69732421e-06	-8.52754651e-09	-4.69732421e-06	4.68222571e-06	6.85185385e-09	0.132417199	0	0	0	0	0	3
246	21	0.307234445	6.15	4.67596956e-06	-8.8405295e-09	-4.69732421e-06	4.6814765e-06	6.80741228e-09	0.132421026	0	0	0	0	0	3
247	21	0.308552974	6.175	-4.69779852e-06	-9.17432611e-09	-4.69779852e-06	4.6814765e-06	6.83657106e-09	0.132417208	0	0	0	0	0	3
248	21	0.309871017	6.2	4.67555492e-06	-9.47056806e-09	-4.69779852e-06	4.6807381e-06	6.75748435e-09	0.132421034	0	0	0	0	0	3
249	21	0.311189546	6.225	-4.69822951e-06	-9.78456133e-09	-4.69822951e-06	4.6807381e-06	6.74646285e-09	0.132417216	0	0	0	0	0	3
250	21	0.312507588	6.25	4.67517954e-06	-1.00626408e-08	-4.69822951e-06	4.68001927e-06	6.63610039e-09	0.132421041	0	0	0	0	0	3
251	22	0.313826117	6.275	-4.69861952e-06	-1.03558669e-08	-4.69861952e-06	4.68001927e-06	6.58927615e-09	0.132417222	0	0	0	0	0	3
252	22	0.31514416	6.3	4.67484109e-06	-1.06149149e-08	-4.69861952e-06	4.67932727e-06	6.45180598e-09	0.132421048	0	0	0	0	0	3
253	22	0.316462689	6.325	-4.69897128e-06	-1.0886926e-08	-4.69897128e-06	4.67932727e-06	6.37413688e-09	0.132417229	0	0	0	0	0	3
254	22	0.317780732	6.35	4.67453691e-06	-1.11265724e-08	-4.69897128e-06	4.67866794e-06	6.21420857e-09	0.132421054	0	0	0	0	0	3
255	22	0.31909926	6.375	-4.69928786e-06	-1.13773797e-08	-4.69928786e-06	4.67866794e-06	6.11094708e-09	0.132417235	0	0	0	0	0	3
256	22	0.320417303	6.4	4.67426407e-06	-1.15976908e-08	-4.69928786e-06	4.67804567e-06	5.93342067e-09	0.132421059	0	0	0	0	0	3
257	22	0.321735832	6.425	-4.69957243e-06	-1.18276994e-08	-4.69957243e-06	4.67804567e-06	5.80987354e-09	0.13241724	0	0	0	0	0	3
258	22	0.323053874	6.45	4.67401954e-06	-1.2029113e-08	-4.69957243e-06	4.67746346e-06	5.61959727e-09	0.132421064	0	0	0	0	0	3
259	22	0.324372403	6.475	-4.69982827e-06	-1.2239057e-08	-4.69982827e-06	4.67746346e-06	5.48092987e-09	0.132417245	0	0	0	0	0	3
260	22	0.325690445	6.5	4.67380026e-06	-1.24223152e-08	-4.69982827e-06	4.6769231e-06	5.28255994e-09	0.132421069	0	0	0	0	0	3
261	22	0.327008974	6.525	-4.70005857e-06	-1.26131898e-08	-4.70005857e-06	4.6769231e-06	5.13364197e-09	0.132417249	0	0	0	0	0	3
262	22	0.328327017	6.55	4.67360323e-06	-1.27792729e-08	-4.70005857e-06	4.67642524e-06	4.93150508e-09	0.132421073	0	0	0	0	0	3
263	22	0.329645545	6.575	-4.70026645e-06	-1.29522713e-08	-4.70026645e-06	4.67642524e-06	4.77679666e-09	0.132417253	0	0	0	0	0	3
264	22	0.330963588	6.6	4.67342559e-06	-1.31023355e-08	-4.70026645e-06	4.67596956e-06	4.57478894e-09	0.132421077	0	0	0	0	0	3
265	23	0.332282116	6.625	-4.7004548e-06	-1.3258788e-08	-4.7004548e-06	4.67596956e-06	4.41825851e-09	0.132417257	0	0	0	0	0	3
266	23	0.333600159	6.65	4.67326467e-06	-1.3394107e-08	-4.7004548e-06	4.67555492e-06	4.21978085e-09	0.13242108	0	0	0	0	0	3
267	23	0.334918687	6.675	-4.70069515e-06	-1.35388684e-08	-4.70069515e-06	4.67555492e-06	4.06830036e-09	0.13241726	0	0	0	0	0	3
268	23	0.336236729	6.7	4.67301842e-06	-1.36657611e-08	-4.70069515e-06	4.67517954e-06	3.88119973e-09	0.132421084	0	0	0	0	0	3
269	23	0.337555258	6.725	-4.70086529e-06	-1.37974862e-08	-4.70086529e-06	4.67517954e-06	3.73484541e-09	0.132417263	0	0	0	0	0	3
270	23	0.3388733	6.75	4.67289969e-06	-1.39115403e-08	-4.70086529e-06	4.67484109e-06	3.55567344e-09	0.132421087	0	0	0	0	0	3
271	23	0.340191829	6.775	-4.70099561e-06	-1.40302865e-08	-4.70099561e-06	4.67484109e-06	3.41537157e-09	0.132417266	0	0	0	0	0	3
272	23	0.341509871	6.8	4.67278148e-06	-1.41333242e-08	-4.70099561e-06	4.67453691e-06	3.24639815e-09	0.132421089	0	0	0	0	0	3
273	23	0.342828399	6.825	-4.70112788e-06	-1.42411002e-08	-4.70112788e-06	4.67453691e-06	3.11452776e-09	0.132417269	0	0	0	0	0	3
274	23	0.344146442	6.85	4.67266838e-06	-1.43345793e-08	-4.70112788e-06	4.67426407e-06	2.95719958e-09	0.132421092	0	0	0	0	0	3
275	23	0.34546497	6.875	-4.70124866e-06	-1.44325697e-08	-4.70124866e-06	4.67426407e-06	2.83487896e-09	0.132417271	0	0	0	0	0	3
276	23	0.346783012	6.9	4.6725661e-06	-1.45175169e-08	-4.70124866e-06	4.67401954e-06	2.68981753e-09	0.132421094	0	0	0	0	0	3
277	23	0.348101541	6.925	-4.70136002e-06	-1.46068502e-08	-4.70136002e-06	4.67401954e-06	2.57773715e-09	0.132417274	0	0	0	0	0	3
278	24	0.349419583	6.95	4.67246984e-06	-1.46843802e-08	-4.70136002e-06	4.67380026e-06	2.4453232e-09	0.132421097	0	0	0	0	0	3
279	24	0.350738111	6.975	-4.70146613e-06	-1.476623e-08	-4.70146613e-06	4.67380026e-06	2.3439148e-09	0.132417276	0	0	0	0	0	3
280	24	0.352056153	7	4.67237745e-06	-1.48374127e-08	-4.70146613e-06	4.67360323e-06	2.22422294e-09	0.132421099	0	0	0	0	0	3
281	24	0.353374682	7.025	-4.70156774e-06	-1.49128308e-08	-4.70156774e-06	4.67360323e-06	2.13355789e-09	0.132417278	0	0	0	0	0	3
282	24	0.354692724	7.05	4.67228883e-06	-1.49785905e-08	-4.70156774e-06	4.67342559e-06	2.0263192e-09	0.132421101	0	0	0	0	0	3
283	24	0.356011252	7.075	-4.7016649e-06	-1.50484753e-08	-4.7016649e-06	4.67342559e-06	1.94613988e-09	0.13241728	0	0	0	0	0	3
284	24	0.357329294	7.1	4.67220382e-06	-1.51096011e-08	-4.7016649e-06	4.67326467e-06	1.85081311e-09	0.132421103	0	0	0	0	0	3
285	24	0.358647823	7.125	-4.70175798e-06	-1.51747245e-08	-4.70175798e-06	4.67326467e-06	1.78061751e-09	0.132417282	0	0	0	0	0	3
286	24	0.359965865	7.15	4.67212201e-06	-1.52318923e-08	-4.70175798e-06	4.67301842e-06	1.69302393e-09	0.132421105	0	0	0	0	0	3
287	24	0.361284393	7.175	-4.7018474e-06	-1.52894708e-08	-4.7018474e-06	4.67301842e-06	1.62370978e-09	0.132417284	0	0	0	0	0	3
288	24	0.362602435	7.2	4.67204308e-06	-1.53382718e-08	-4.7018474e-06	4.67289969e-06	1.54078556e-09	0.132421107	0	0	0	0	0	3
289	24	0.363920963	7.225	-4.70193349e-06	-1.53916486e-08	-4.70193349e-06	4.67289969e-06	1.48010832e-09	0.132417286	0	0	0	0	0	3
290	24	0.365239006	7.25	4.67196684e-06	-1.54383234e-08	-4.70193349e-06	4.67278148e-06	1.40803686e-09	0.132421109	0	0	0	0	0	3
291	25	0.366557534	7.275	-4.70201635e-06	-1.54893293e-08	-4.70201635e-06	4.67278148e-06	1.35600512e-09	0.132417288	0	0	0	0	0	3
292	25	0.367875576	7.3	4.67189327e-06	-1.55337702e-08	-4.70201635e-06	4.67266838e-06	1.29267003e-09	0.13242111	0	0	0	0	0	3
293	25	0.369194104	7.325	-4.70209604e-06	-1.55821486e-08	-4.70209604e-06	4.67266838e-06	1.24756931e-09	0.132417289	0	0	0	0	0	3
294	25	0.370512146	7.35	4.67182239e-06	-1.56244771e-08	-4.70209604e-06	4.6725661e-06	1.19190739e-09	0.132421112	0	0	0	0	0	3
295	25	0.371830674	7.375	-4.70217252e-06	-1.5670642e-08	-4.70217252e-06	4.6725661e-06	1.15312512e-09	0.132417291	0	0	0	0	0	3
296	25	0.373148716	7.4	4.67175428e-06	-1.5711261e-08	-4.70217252e-06	4.67246984e-06	1.10441078e-09	0.132421113	0	0	0	0	0	3
297	25	0.374467245	7.425	-4.70224574e-06	-1.575552e-08	-4.70224574e-06	4.67246984e-06	1.0711398e-09	0.132417292	0	0	0	0	0	3
298	25	0.375785287	7.45	4.67168902e-06	-1.57945877e-08	-4.70224574e-06	4.67237745e-06	1.02835764e-09	0.132421115	0	0	0	0	0	3
299	25	0.377103815	7.475	-4.70231564e-06	-1.58370376e-08	-4.70231564e-06	4.67237745e-06	9.99624907e-10	0.132417294	0	0	0	0	0	3
300	25	0.378421857	7.5	4.67162672e-06	-1.58745992e-08	-4.70231564e-06	4.67228883e-06	9.61768352e-10	0.132421116	0	0	0	0	0	3
301	25	0.379740385	7.525	-4.70238214e-06	-1.59152946e-08	-4.70238214e-06	4.67228883e-06	9.36704158e-10	0.132417295	0	0	0	0	0	3
302	25	0.381058427	7.55	4.67156747e-06	-1.59513865e-08	-4.70238214e-06	4.67220382e-06	9.02911158e-10	0.132421117	0	0	0	0	0	3
303	26	0.382376955	7.575	-4.70244518e-06	-1.59903774e-08	-4.70244518e-06	4.67220382e-06	8.80776245e-10	0.132417296	0	0	0	0	0	3
304	26	0.383694997	7.6	4.67151133e-06	-1.60250243e-08	-4.70244518e-06	4.67212201e-06	8.50299871e-10	0.132421118	0	0	0	0	0	3
305	26	0.385013525	7.625	-4.70250471e-06	-1.60623393e-08	-4.70250471e-06	4.67212201e-06	8.30446974e-10	0.132417297	0	0	0	0	0	3
306	26	0.386331567	7.65	4.67145837e-06	-1.60955429e-08	-4.70250471e-06	4.67204308e-06	8.06072068e-10	0.13242112	0	0	0	0	0	3
307	26	0.387650095	7.675	-4.70256075e-06	-1.61311895e-08	-4.70256075e-06	4.67204308e-06	7.92917686e-10	0.132417298	0	0	0	0	0	3
308	26	0.388968137	7.7	4.6714086e-06	-1.61629336e-08	-4.70256075e-06	4.67196684e-06	7.71284997e-10	0.132421121	0	0	0	0	0	3
309	26	0.390286665	7.725	-4.70261328e-06	-1.61969038e-08	-4.70261328e-06	4.67196684e-06	7.58580452e-10	0.132417299	0	0	0	0	0	3
310	26	0.391604707	7.75	4.67136202e-06	-1.62271639e-08	-4.70261328e-06	4.67189327e-06	7.37834671e-10	0.132421122	0	0	0	0	0	3
311	26	0.392923235	7.775	-4.70266235e-06	-1.62594455e-08	-4.70266235e-06	4.67189327e-06	7.25675288e-10	0.1324173	0	0	0	0	0	3
312	26	0.394241277	7.8	4.67131859e-06	-1.62881973e-08	-4.70266235e-06	4.67182239e-06	7.06048764e-10	0.132421122	0	0	0	0	0	3
313	26	0.395559805	7.825	-4.70270803e-06	-1.63187798e-08	-4.70270803e-06	4.67182239e-06	6.94302695e-10	0.132417301	0	0	0	0	0	3
314	26	0.396877847	7.85	4.67127824e-06	-1.63460042e-08	-4.70270803e-06	4.67175428e-06	6.75362159e-10	0.132421123	0	0	0	0	0	3
315	27	0.398196375	7.875	-4.70275044e-06	-1.63748837e-08	-4.70275044e-06	4.67175428e-06	6.63622763e-10	0.132417302	0	0	0	0	0	3
316	27	0.399514417	7.9	4.67124087e-06	-1.64005698e-08	-4.70275044e-06	4.67168902e-06	6.45049807e-10	0.132421124	0	0	0	0	0	3
317	27	0.400832945	7.925	-4.70278969e-06	-1.64277521e-08	-4.70278969e-06	4.67168902e-06	6.33164472e-10	0.132417303	0	0	0	0	0	3
318	27	0.402150987	7.95	4.67120636e-06	-1.64519e-08	-4.70278969e-06	4.67162672e-06	6.14862348e-10	0.132421125	0	0	0	0	0	3
319	27	0.403469515	7.975	-4.70282592e-06	-1.64773998e-08	-4.70282592e-06	4.67162672e-06	6.02800674e-10	0.132417303	0	0	0	0	0	3
320	27	0.404787557	8	4.67117457e-06	-1.65000212e-08	-4.70282592e-06	4.67156747e-06	5.84726573e-10	0.132421125	0	0	0	0	0	3
321	27	0.406106085	8.025	-4.70285931e-06	-1.65238669e-08	-4.70285931e-06	4.67156747e-06	5.72480358e-10	0.132417304	0	0	0	0	0	3
322	27	0.407424127	8.05	4.67114534e-06	-1.65449859e-08	-4.70285931e-06	4.67151133e-06	5.54608576e-10	0.132421126	0	0	0	0	0	3
323	27	0.408742655	8.075	-4.70289003e-06	-1.65672166e-08	-4.70289003e-06	4.67151133e-06	5.42192252e-10	0.132417305	0	0	0	0	0	3
324	27	0.410060697	8.1	4.6711185e-06	-1.65868699e-08	-4.70289003e-06	4.67145837e-06	5.24530542e-10	0.132421127	0	0	0	0	0	3
325	27	0.411379225	8.125	-4.70291827e-06	-1.66075364e-08	-4.70291827e-06	4.67145837e-06	5.11993537e-10	0.132417305	0	0	0	0	0	3
326	27	0.412697267	8.15	4.67109389e-06	-1.66257715e-08	-4.70291827e-06	4.6714086e-06	4.94581991e-10	0.132421127	0	0	0	0	0	3
327	28	0.414015795	8.175	-4.70294422e-06	-1.66449345e-08	-4.70294422e-06	4.6714086e-06	4.82000874e-10	0.132417306	0	0	0	0	0	3
328	28	0.415333837	8.2	4.67107132e-06	-1.6661809e-08	-4.70294422e-06	4.67136202e-06	4.64905201e-10	0.132421128	0	0	0	0	0	3
329	28	0.416652365	8.225	-4.70296806e-06	-1.66795383e-08	-4.70296806e-06	4.67136202e-06	4.52374395e-10	0.132417306	0	0	0	0	0	3
330	28	0.417970407	8.25	4.67105061e-06	-1.66951186e-08	-4.70296806e-06	4.67131859e-06	4.3567313e-10	0.132421128	0	0	0	0	0	3
331	28	0.419288935	8.275	-4.70298999e-06	-1.67114916e-08	-4.70298999e-06	4.67131859e-06	4.2329425e-10	0.132417306	0	0	0	0	0	3
332	28	0.420606977	8.3	4.67103158e-06	-1.67258508e-08	-4.70298999e-06	4.67127824e-06	4.07070974e-10	0.132421128	0	0	0	0	0	3
333	28	0.421925505	8.325	-4.70301018e-06	-1.67409495e-08	-4.70301018e-06	4.67127824e-06	3.94945313e-10	0.132417307	0	0	0	0	0	3
334	28	0.423243547	8.35	4.67101409e-06	-1.67541651e-08	-4.70301018e-06	4.67124087e-06	3.79281367e-10	0.132421129	0	0	0	0	0	3
335	28	0.424562075	8.375	-4.70302879e-06	-1.67680751e-08	-4.70302879e-06	4.67124087e-06	3.67505273e-10	0.132417307	0	0	0	0	0	3
336	28	0.425880117	8.4	4.67099796e-06	-1.67802278e-08	-4.70302879e-06	4.67120636e-06	3.52475675e-10	0.132421129	0	0	0	0	0	3
337	28	0.427198645	8.425	-4.703046e-06	-1.67930365e-08	-4.703046e-06	4.67120636e-06	3.41136474e-10	0.132417308	0	0	0	0	0	3
338	28	0.428516687	8.45	4.67098307e-06	-1.6804208e-08	-4.703046e-06	4.67117457e-06	3.26808165e-10	0.132421129	0	0	0	0	0	3
339	29	0.429835215	8.475	-4.70306195e-06	-1.68160029e-08	-4.70306195e-06	4.67117457e-06	3.15981712e-10	0.132417308	0	0	0	0	0	3
340	29	0.431153257	8.5	4.67096926e-06	-1.68262748e-08	-4.70306195e-06	4.67114534e-06	3.02407959e-10	0.13242113	0	0	0	0	0	3
341	29	0.432471785	8.525	-4.70307676e-06	-1.68371413e-08	-4.70307676e-06	4.67114534e-06	2.92155359e-10	0.132417308	0	0	0	0	0	3
342	29	0.433789826	8.55	4.67095642e-06	-1.68465936e-08	-4.70307676e-06	4.6711185e-06	2.79377035e-10	0.13242113	0	0	0	0	0	3
343	29	0.435108354	8.575	-4.70309058e-06	-1.68566152e-08	-4.70309058e-06	4.6711185e-06	2.6974531e-10	0.132417308	0	0	0	0	0	3
344	29	0.436426396	8.6	4.67094444e-06	-1.68653238e-08	-4.70309058e-06	4.67109389e-06	2.57787321e-10	0.13242113	0	0	0	0	0	3
345	29	0.437744924	8.625	-4.70310349e-06	-1.68745793e-08	-4.70310349e-06	4.67109389e-06	2.48807816e-10	0.132417309	0	0	0	0	0	3
346	29	0.439062966	8.65	4.67093323e-06	-1.68826173e-08	-4.70310349e-06	4.67107132e-06	2.37682795e-10	0.132421131	0	0	0	0	0	3
347	29	0.440381494	8.675	-4.7031156e-06	-1.68911811e-08	-4.7031156e-06	4.67107132e-06	2.29372098e-10	0.132417309	0	0	0	0	0	3
348	29	0.441699536	8.7	4.67092271e-06	-1.68986163e-08	-4.7031156e-06	4.67105061e-06	2.19077933e-10	0.132421131	0	0	0	0	0	3
349	29	0.443018064	8.725	-4.70312697e-06	-1.69065571e-08	-4.70312697e-06	4.67105061e-06	2.11438474e-10	0.132417309	0	0	0	0	0	3
350	29	0.444336106	8.75	4.67091282e-06	-1.69134512e-08	-4.70312697e-06	4.67103158e-06	2.01959645e-10	0.132421131	0	0	0	0	0	3
351	30	0.445654634	8.775	-4.70313769e-06	-1.69208319e-08	-4.70313769e-06	4.67103158e-06	1.94981071e-10	0.132417309	0	0	0	0	0	3
352	30	0.446972676	8.8	4.67090347e-06	-1.6927242e-08	-4.70313769e-06	4.67101409e-06	1.86292478e-10	0.132421131	0	0	0	0	0	3
353	30	0.448291204	8.825	-4.70314781e-06	-1.69341197e-08	-4.70314781e-06	4.67101409e-06	1.79954629e-10	0.13241731	0	0	0	0	0	3
354	30	0.449609246	8.85	4.67089463e-06	-1.69400966e-08	-4.70314781e-06	4.67099796e-06	1.7202154e-10	0.132421131	0	0	0	0	0	3
355	30	0.450927774	8.875	-4.70315738e-06	-1.69465223e-08	-4.70315738e-06	4.67099796e-06	1.66294519e-10	0.13241731	0	0	0	0	0	3
356	30	0.452245815	8.9	4.67088627e-06	-1.6952111e-08	-4.70315738e-06	4.67098307e-06	1.59074576e-10	0.132421132	0	0	0	0	0	3
357	30	0.453564343	8.925	-4.70316645e-06	-1.69581298e-08	-4.70316645e-06	4.67098307e-06	1.53921793e-10	0.13241731	0	0	0	0	0	3
358	30	0.454882385	8.95	4.67087833e-06	-1.69633701e-08	-4.70316645e-06	4.67096926e-06	1.47367139e-10	0.132421132	0	0	0	0	0	3
359	30	0.456200913	8.975	-4.70317504e-06	-1.69690213e-08	-4.70317504e-06	4.67096926e-06	1.42746468e-10	0.13241731	0	0	0	0	0	3
360	30	0.457518955	9	4.67087081e-06	-1.69739473e-08	-4.70317504e-06	4.67095642e-06	1.36805983e-10	0.132421132	0	0	0	0	0	3
361	30	0.458837483	9.025	-4.70318319e-06	-1.6979265e-08	-4.70318319e-06	4.67095642e-06	1.32671392e-10	0.13241731	0	0	0	0	0	3
362	30	0.460155525	9.05	4.67086366e-06	-1.6983906e-08	-4.70318319e-06	4.67094444e-06	1.27290787e-10	0.132421132	0	0	0	0	0	3
363	31	0.461474053	9.075	-4.7031909e-06	-1.6988919e-08	-4.7031909e-06	4.67094444e-06	1.23595227e-10	0.13241731	0	0	0	0	0	3
364	31	0.462792095	9.1	4.67085688e-06	-1.69933e-08	-4.7031909e-06	4.67093323e-06	1.1872074e-10	0.132421132	0	0	0	0	0	3
365	31	0.464110623	9.125	-4.70319822e-06	-1.69980336e-08	-4.70319822e-06	4.67093323e-06	1.15416318e-10	0.132417311	0	0	0	0	0	3
366	31	0.465428665	9.15	4.67085046e-06	-1.70021751e-08	-4.70319822e-06	4.67092271e-06	1.10993953e-10	0.132421132	0	0	0	0	0	3
367	31	0.466747193	9.175	-4.70320514e-06	-1.70066496e-08	-4.70320514e-06	4.67092271e-06	1.08033308e-10	0.132417311	0	0	0	0	0	3
368	31	0.468065234	9.2	4.67084438e-06	-1.70105687e-08	-4.70320514e-06	4.67091282e-06	1.04011631e-10	0.132421132	0	0	0	0	0	3
369	31	0.469383762	9.225	-4.70321169e-06	-1.70148021e-08	-4.70321169e-06	4.67091282e-06	1.01350843e-10	0.132417311	0	0	0	0	0	3
370	31	0.470701804	9.25	4.67083863e-06	-1.70185141e-08	-4.70321169e-06	4.67090347e-06	9.76822454e-11	0.132421133	0	0	0	0	0	3
371	31	0.472020332	9.275	-4.70321788e-06	-1.70225211e-08	-4.70321788e-06	4.67090347e-06	9.52791296e-11	0.132417311	0	0	0	0	0	3
372	31	0.473338374	9.3	4.67083319e-06	-1.70260375e-08	-4.70321788e-06	4.67089463e-06	9.19177802e-11	0.132421133	0	0	0	0	0	3
373	31	0.474656902	9.325	-4.70322372e-06	-1.70298304e-08	-4.70322372e-06	4.67089463e-06	8.97337705e-11	0.132417311	0	0	0	0	0	3
374	32	0.475974944	9.35	4.67082806e-06	-1.70331612e-08	-4.70322372e-06	4.67088627e-06	8.66388419e-11	0.132421133	0	0	0	0	0	3
375	32	0.477293472	9.375	-4.70322922e-06	-1.70367507e-08	-4.70322922e-06	4.67088627e-06	8.4639708e-11	0.132417311	0	0	0	0	0	3
376	32	0.478611514	9.4	4.67082323e-06	-1.70399045e-08	-4.70322922e-06	4.67087833e-06	8.17747158e-11	0.132421133	0	0	0	0	0	3
377	32	0.479930042	9.425	-4.70323439e-06	-1.70432995e-08	-4.70323439e-06	4.67087833e-06	7.99294138e-11	0.132417311	0	0	0	0	0	3
378	32	0.481248083	9.45	4.67081869e-06	-1.70462834e-08	-4.70323439e-06	4.67087081e-06	7.72621511e-11	0.132421133	0	0	0	0	0	3
379	32	0.482566611	9.475	-4.70323925e-06	-1.70494921e-08	-4.70323925e-06	4.67087081e-06	7.55448551e-11	0.132417311	0	0	0	0	0	3
380	32	0.483884653	9.5	4.67081444e-06	-1.70523124e-08	-4.70323925e-06	4.67086366e-06	7.30473535e-11	0.132421133	0	0	0	0	0	3
381	32	0.485203181	9.525	-4.70324381e-06	-1.70553417e-08	-4.70324381e-06	4.67086366e-06	7.14357342e-11	0.132417312	0	0	0	0	0	3
382	32	0.486521223	9.55	4.67081045e-06	-1.70580041e-08	-4.70324381e-06	4.67085688e-06	6.90850636e-11	0.132421133	0	0	0	0	0	3
383	32	0.487839751	9.575	-4.70324808e-06	-1.70608611e-08	-4.70324808e-06	4.67085688e-06	6.75610461e-11	0.132417312	0	0	0	0	0	3
384	32	0.489157793	9.6	4.67080671e-06	-1.70633713e-08	-4.70324808e-06	4.67085046e-06	6.5337705e-11	0.132421133	0	0	0	0	0	3
385	32	0.490476321	9.625	-4.70325207e-06	-1.70660621e-08	-4.70325207e-06	4.67085046e-06	6.38870126e-11	0.132417312	0	0	0	0	0	3
386	33	0.491794363	9.65	4.67080323e-06	-1.70684255e-08	-4.70325207e-06	4.67084438e-06	6.17759336e-11	0.132421133	0	0	0	0	0	3
387	33	0.493112891	9.675	-4.7032558e-06	-1.70709568e-08	-4.7032558e-06	4.67084438e-06	6.03880939e-11	0.132417312	0	0	0	0	0	3
388	33	0.494430932	9.7	4.67079997e-06	-1.70731791e-08	-4.7032558e-06	4.67083863e-06	5.83770004e-11	0.132421133	0	0	0	0	0	3
389	33	0.49574946	9.725	-4.70325928e-06	-1.70755573e-08	-4.70325928e-06	4.67083863e-06	5.70431573e-11	0.132417312	0	0	0	0	0	3
390	33	0.497067502	9.75	4.67079694e-06	-1.70776432e-08	-4.70325928e-06	4.67083319e-06	5.51221146e-11	0.132421134	0	0	0	0	0	3
391	33	0.49838603	9.775	-4.70326252e-06	-1.7079874e-08	-4.70326252e-06	4.67083319e-06	5.38364546e-11	0.132417312	0	0	0	0	0	3
392	33	0.499704072	9.8	4.67079411e-06	-1.70818293e-08	-4.70326252e-06	4.67082806e-06	5.19989186e-11	0.132421134	0	0	0	0	0	3
393	33	0.5010226	9.825	-4.70326555e-06	-1.70839195e-08	-4.70326555e-06	4.67082806e-06	5.07583551e-11	0.132417312	0	0	0	0	0	3
394	33	0.502340642	9.85	4.67079148e-06	-1.70857499e-08	-4.70326555e-06	4.67082323e-06	4.89991578e-11	0.132421134	0	0	0	0	0	3
395	33	0.50365917	9.875	-4.70326837e-06	-1.70877061e-08	-4.70326837e-06	4.67082323e-06	4.78015814e-11	0.132417312	0	0	0	0	0	3
396	33	0.504977212	9.9	4.67078903e-06	-1.70894174e-08	-4.70326837e-06	4.67081869e-06	4.6117947e-11	0.132421134	0	0	0	0	0	3
397	33	0.50629574	9.925	-4.70327099e-06	-1.70912462e-08	-4.70327099e-06	4.67081869e-06	4.49627864e-11	0.132417312	0	0	0	0	0	3
398	34	0.507613781	9.95	4.67078675e-06	-1.70928447e-08	-4.70327099e-06	4.67081444e-06	4.33525159e-11	0.132421134	0	0	0	0	0	3
399	34	0.508932309	9.975	-4.70327344e-06	-1.70945528e-08	-4.70327344e-06	4.67081444e-06	4.22404104e-11	0.132417312	0	0	0	0	0	3
400	34	0.510250351	10	4.67078462e-06	-1.70960445e-08	-4.70327344e-06	4.67081045e-06	4.07028309e-11	0.132421134	0	0	0	0	0	3
401	34	0.511568879	10.025	-4.70327571e-06	-1.70976389e-08	-4.70327571e-06	4.67081045e-06	3.96348309e-11	0.132417312	0	0	0	0	0	3
402	34	0.512886921	10.05	4.67078265e-06	-1.70990298e-08	-4.70327571e-06	4.67080671e-06	3.81687142e-11	0.132421134	0	0	0	0	0	3
403	34	0.514205449	10.075	-4.70327784e-06	-1.71005171e-08	-4.70327784e-06	4.67080671e-06	3.71457762e-11	0.132417312	0	0	0	0	0	3
404	34	0.515523491	10.1	4.67078081e-06	-1.71018132e-08	-4.70327784e-06	4.67080323e-06	3.5751143e-11	0.132421134	0	0	0	0	0	3
405	34	0.516842019	10.125	-4.70327983e-06	-1.71032003e-08	-4.70327983e-06	4.67080323e-06	3.47747675e-11	0.132417312	0	0	0	0	0	3
406	34	0.518160061	10.15	4.67077909e-06	-1.7104408e-08	-4.70327983e-06	4.67079997e-06	3.34511798e-11	0.132421134	0	0	0	0	0	3
407	34	0.519478588	10.175	-4.70328168e-06	-1.71057014e-08	-4.70328168e-06	4.67079997e-06	3.25223293e-11	0.132417312	0	0	0	0	0	3
408	34	0.52079663	10.2	4.67077748e-06	-1.71068265e-08	-4.70328168e-06	4.67079694e-06	3.1269191e-11	0.132421134	0	0	0	0	0	3
409	35	0.522115158	10.225	-4.70328341e-06	-1.71080324e-08	-4.70328341e-06	4.67079694e-06	3.03892055e-11	0.132417312	0	0	0	0	0	3
410	35	0.5234332	10.25	4.67077598e-06	-1.7109081e-08	-4.70328341e-06	4.67079411e-06	2.92069971e-11	0.132421134	0	0	0	0	0	3
411	35	0.524751728	10.275	-4.70328504e-06	-1.7110206e-08	-4.70328504e-06	4.67079411e-06	2.83767065e-11	0.132417312	0	0	0	0	0	3
412	35	0.52606977	10.3	4.67077458e-06	-1.71111833e-08	-4.70328504e-06	4.67079148e-06	2.72638321e-11	0.132421134	0	0	0	0	0	3
413	35	0.527388298	10.325	-4.70328656e-06	-1.71122332e-08	-4.70328656e-06	4.67079148e-06	2.64833223e-11	0.132417312	0	0	0	0	0	3
414	35	0.52870634	10.35	4.67077326e-06	-1.7113145e-08	-4.70328656e-06	4.67078903e-06	2.54389157e-11	0.132421134	0	0	0	0	0	3
415	35	0.530024868	10.375	-4.70328799e-06	-1.71141254e-08	-4.70328799e-06	4.67078903e-06	2.47079735e-11	0.132417312	0	0	0	0	0	3
416	35	0.531342909	10.4	4.67077202e-06	-1.71149764e-08	-4.70328799e-06	4.67078675e-06	2.37301827e-11	0.132421134	0	0	0	0	0	3
417	35	0.532661437	10.425	-4.70328933e-06	-1.71158927e-08	-4.70328933e-06	4.67078675e-06	2.30480873e-11	0.132417312	0	0	0	0	0	3
418	35	0.533979479	10.45	4.67077086e-06	-1.71166878e-08	-4.70328933e-06	4.67078462e-06	2.21350046e-11	0.132421134	0	0	0	0	0	3
419	35	0.535298007	10.475	-4.70329059e-06	-1.71175447e-08	-4.70329059e-06	4.67078462e-06	2.15001389e-11	0.132417312	0	0	0	0	0	3
420	36	0.536616049	10.5	4.67076976e-06	-1.71182884e-08	-4.70329059e-06	4.67078265e-06	2.0649512e-11	0.132421134	0	0	0	0	0	3
421	36	0.537934577	10.525	-4.70329178e-06	-1.7119091e-08	-4.70329178e-06	4.67078265e-06	2.00612224e-11	0.132417312	0	0	0	0	0	3
422	36	0.539252619	10.55	4.67076873e-06	-1.71197874e-08	-4.70329178e-06	4.67078081e-06	1.92702714e-11	0.132421134	0	0	0	0	0	3
423	36	0.540571147	10.575	-4.7032929e-06	-1.71205396e-08	-4.7032929e-06	4.67078081e-06	1.8726403e-11	0.132417312	0	0	0	0	0	3
424	36	0.541889189	10.6	4.67076776e-06	-1.71211924e-08	-4.7032929e-06	4.67077909e-06	1.7992131e-11	0.132421134	0	0	0	0	0	3
425	36	0.543207716	10.625	-4.70329395e-06	-1.71218983e-08	-4.70329395e-06	4.67077909e-06	1.74903269e-11	0.132417313	0	0	0	0	0	3
426	36	0.544525758	10.65	4.67076685e-06	-1.71225109e-08	-4.70329395e-06	4.67077748e-06	1.68094452e-11	0.132421134	0	0	0	0	0	3
427	36	0.545844286	10.675	-4.70329494e-06	-1.71231736e-08	-4.70329494e-06	4.67077748e-06	1.63470988e-11	0.132417313	0	0	0	0	0	3
428	36	0.547162328	10.7	4.67076598e-06	-1.71237492e-08	-4.70329494e-06	4.67077598e-06	1.57167653e-11	0.132421134	0	0	0	0	0	3
429	36	0.548480856	10.725	-4.70329589e-06	-1.71243724e-08	-4.70329589e-06	4.67077598e-06	1.52914012e-11	0.132417313	0	0	0	0	0	3
430	36	0.549798898	10.75	4.67076516e-06	-1.71249136e-08	-4.70329589e-06	4.67077458e-06	1.47075465e-11	0.132421134	0	0	0	0	0	3
431	36	0.551117426	10.775	-4.70329677e-06	-1.71254999e-08	-4.70329677e-06	4.67077458e-06	1.43165477e-11	0.132417313	0	0	0	0	0	3
432	37	0.552435468	10.8	4.67076439e-06	-1.71260093e-08	-4.70329677e-06	4.67077326e-06	1.37761013e-11	0.132421134	0	0	0	0	0	3
433	37	0.553753996	10.825	-4.70329761e-06	-1.71265616e-08	-4.70329761e-06	4.67077326e-06	1.34165851e-11	0.132417313	0	0	0	0	0	3
434	37	0.555072037	10.85	4.67076366e-06	-1.71270417e-08	-4.70329761e-06	4.67077202e-06	1.29163123e-11	0.132421134	0	0	0	0	0	3
435	37	0.556390565	10.875	-4.7032984e-06	-1.7127562e-08	-4.7032984e-06	4.67077202e-06	1.25855875e-11	0.132417313	0	0	0	0	0	3
436	37	0.557708607	10.9	4.67076297e-06	-1.71280147e-08	-4.7032984e-06	4.67077086e-06	1.21219759e-11	0.132421134	0	0	0	0	0	3
437	37	0.559027135	10.925	-4.70329914e-06	-1.7128505e-08	-4.70329914e-06	4.67077086e-06	1.18172546e-11	0.132417313	0	0	0	0	0	3
438	37	0.560345177	10.95	4.67076233e-06	-1.71289317e-08	-4.70329914e-06	4.67076976e-06	1.13870772e-11	0.132421134	0	0	0	0	0	3
439	37	0.561663705	10.975	-4.70329985e-06	-1.71293945e-08	-4.70329985e-06	4.67076976e-06	1.11061051e-11	0.132417313	0	0	0	0	0	3
440	37	0.562981747	11	4.67076172e-06	-1.71297969e-08	-4.70329985e-06	4.67076873e-06	1.07058931e-11	0.132421134	0	0	0	0	0	3
441	37	0.564300275	11.025	-4.70330051e-06	-1.71302333e-08	-4.70330051e-06	4.67076873e-06	1.04459438e-11	0.132417313	0	0	0	0	0	3
442	37	0.565618317	11.05	4.67076114e-06	-1.71306134e-08	-4.70330051e-06	4.67076776e-06	1.00737741e-11	0.132421134	0	0	0	0	0	3
443	38	0.566936844	11.075	-4.70330114e-06	-1.71310252e-08	-4.70330114e-06	4.67076776e-06	9.83281008e-12	0.132417313	0	0	0	0	0	3
444	38	0.568254886	11.1	4.67076059e-06	-1.7131384e-08	-4.70330114e-06	4.67076685e-06	9.4856825e-12	0.132421134	0	0	0	0	0	3
445	38	0.569573414	11.125	-4.70330173e-06	-1.71317726e-08	-4.70330173e-06	4.67076685e-06	9.26173863e-12	0.132417313	0	0	0	0	0	3
446	38	0.570891456	11.15	4.67076008e-06	-1.71321113e-08	-4.70330173e-06	4.67076598e-06	8.9377158e-12	0.132421134	0	0	0	0	0	3
447	38	0.572209984	11.175	-4.70330228e-06	-1.71324778e-08	-4.70330228e-06	4.67076598e-06	8.72866623e-12	0.132417313	0	0	0	0	0	3
448	38	0.573528026	11.2	4.67075959e-06	-1.71327974e-08	-4.70330228e-06	4.67076516e-06	8.4250028e-12	0.132421134	0	0	0	0	0	3
449	38	0.574846554	11.225	-4.7033028e-06	-1.7133143e-08	-4.7033028e-06	4.67076516e-06	8.22946282e-12	0.132417313	0	0	0	0	0	3
450	38	0.576164596	11.25	4.67075914e-06	-1.71334444e-08	-4.7033028e-06	4.67076439e-06	7.94454294e-12	0.132421134	0	0	0	0	0	3
451	38	0.577483124	11.275	-4.7033033e-06	-1.71337707e-08	-4.7033033e-06	4.67076439e-06	7.76136971e-12	0.132417313	0	0	0	0	0	3
452	38	0.578801165	11.3	4.67075871e-06	-1.7134055e-08	-4.7033033e-06	4.67076366e-06	7.49344679e-12	0.132421134	0	0	0	0	0	3
453	38	0.580119693	11.325	-4.70330376e-06	-1.71343623e-08	-4.70330376e-06	4.67076366e-06	7.32056208e-12	0.132417313	0	0	0	0	0	3
454	39	0.581437735	11.35	4.67075831e-06	-1.71346301e-08	-4.70330376e-06	4.67076297e-06	7.06808391e-12	0.132421134	0	0	0	0	0	3
455	39	0.582756263	11.375	-4.70330419e-06	-1.71349197e-08	-4.70330419e-06	4.67076297e-06	6.90499743e-12	0.132417313	0	0	0	0	0	3
456	39	0.584074305	11.4	4.67075794e-06	-1.71351719e-08	-4.70330419e-06	4.67076233e-06	6.66680841e-12	0.132421134	0	0	0	0	0	3
457	39	0.585392833	11.425	-4.7033046e-06	-1.71354446e-08	-4.7033046e-06	4.67076233e-06	6.51289937e-12	0.132417313	0	0	0	0	0	3
458	39	0.586710875	11.45	4.67075758e-06	-1.71356824e-08	-4.7033046e-06	4.67076172e-06	6.2879213e-12	0.132421134	0	0	0	0	0	3
459	39	0.588029403	11.475	-4.70330498e-06	-1.71359391e-08	-4.70330498e-06	4.67076172e-06	6.14216941e-12	0.132417313	0	0	0	0	0	3
460	39	0.589347445	11.5	4.67075725e-06	-1.71361629e-08	-4.70330498e-06	4.67076114e-06	5.92953804e-12	0.132421134	0	0	0	0	0	3
461	39	0.590665972	11.525	-4.70330534e-06	-1.71364042e-08	-4.70330534e-06	4.67076114e-06	5.7907928e-12	0.132417313	0	0	0	0	0	3
462	39	0.591984014	11.55	4.67075694e-06	-1.71366143e-08	-4.70330534e-06	4.67076059e-06	5.58909686e-12	0.132421134	0	0	0	0	0	3
463	39	0.593302542	11.575	-4.70330568e-06	-1.71368412e-08	-4.70330568e-06	4.67076059e-06	5.45717079e-12	0.132417313	0	0	0	0	0	3
464	39	0.594620584	11.6	4.67075664e-06	-1.7137039e-08	-4.70330568e-06	4.67076008e-06	5.2663644e-12	0.132421134	0	0	0	0	0	3
465	40	0.595939112	11.625	-4.70330599e-06	-1.71372521e-08	-4.70330599e-06	4.67076008e-06	5.14083985e-12	0.132417313	0	0	0	0	0	3
466	40	0.597257154	11.65	4.67075637e-06	-1.71374376e-08	-4.70330599e-06	4.67075959e-06	4.9597504e-12	0.132421134	0	0	0	0	0	3
467	40	0.598575682	11.675	-4.70330629e-06	-1.71376379e-08	-4.70330629e-06	4.67075959e-06	4.8404984e-12	0.132417313	0	0	0	0	0	3
468	40	0.599893724	11.7	4.67075611e-06	-1.71378122e-08	-4.70330629e-06	4.67075914e-06	4.66911039e-12	0.132421134	0	0	0	0	0	3
469	40	0.601212252	11.725	-4.70330657e-06	-1.71380003e-08	-4.70330657e-06	4.67075914e-06	4.55589106e-12	0.132417313	0	0	0	0	0	3
470	40	0.602530293	11.75	4.67075587e-06	-1.71381637e-08	-4.70330657e-06	4.67075871e-06	4.39305935e-12	0.132421134	0	0	0	0	0	3
471	40	0.603848821	11.775	-4.70330683e-06	-1.71383402e-08	-4.70330683e-06	4.67075871e-06	4.28513875e-12	0.132417313	0	0	0	0	0	3
472	40	0.605166863	11.8	4.67075564e-06	-1.71384938e-08	-4.70330683e-06	4.67075831e-06	4.13149456e-12	0.132421134	0	0	0	0	0	3
473	40	0.606485391	11.825	-4.70330707e-06	-1.71386594e-08	-4.70330707e-06	4.67075831e-06	4.02936841e-12	0.132417313	0	0	0	0	0	3
474	40	0.607803433	11.85	4.67075543e-06	-1.71388033e-08	-4.70330707e-06	4.67075794e-06	3.88353613e-12	0.132421134	0	0	0	0	0	3
475	40	0.609121961	11.875	-4.70330731e-06	-1.71389587e-08	-4.70330731e-06	4.67075794e-06	3.78682589e-12	0.132417313	0	0	0	0	0	3
476	40	0.610440003	11.9	4.67075523e-06	-1.7139094e-08	-4.70330731e-06	4.67075758e-06	3.64933656e-12	0.132421134	0	0	0	0	0	3
477	41	0.611758531	11.925	-4.70330752e-06	-1.71392397e-08	-4.70330752e-06	4.67075758e-06	3.55727247e-12	0.132417313	0	0	0	0	0	3
478	41	0.613076572	11.95	4.67075505e-06	-1.71393663e-08	-4.70330752e-06	4.67075725e-06	3.42726958e-12	0.132421134	0	0	0	0	0	3
479	41	0.6143951	11.975	-4.70330773e-06	-1.71395034e-08	-4.70330773e-06	4.67075725e-06	3.34055292e-12	0.132417313	0	0	0	0	0	3
480	41	0.615713142	12	4.67075487e-06	-1.71396222e-08	-4.70330773e-06	4.67075694e-06	3.21794576e-12	0.132421134	0	0	0	0	0	3
481	41	0.61703167	12.025	-4.70330791e-06	-1.71397507e-08	-4.70330791e-06	4.67075694e-06	3.13635901e-12	0.132417313	0	0	0	0	0	3
482	41	0.618349712	12.05	4.67075471e-06	-1.71398623e-08	-4.70330791e-06	4.67075664e-06	3.0210846e-12	0.132421134	0	0	0	0	0	3
483	41	0.61966824	12.075	-4.70330809e-06	-1.71399828e-08	-4.70330809e-06	4.67075664e-06	2.94381933e-12	0.132417313	0	0	0	0	0	3
484	41	0.620986282	12.1	4.67075455e-06	-1.71400871e-08	-4.70330809e-06	4.67075637e-06	2.83503759e-12	0.132421134	0	0	0	0	0	3
485	41	0.62230481	12.125	-4.70330826e-06	-1.71402004e-08	-4.70330826e-06	4.67075637e-06	2.76283118e-12	0.132417313	0	0	0	0	0	3
486	41	0.623622852	12.15	4.6707544e-06	-1.71402988e-08	-4.70330826e-06	4.67075611e-06	2.66092576e-12	0.132421134	0	0	0	0	0	3
487	41	0.62494138	12.175	-4.70330842e-06	-1.71404051e-08	-4.70330842e-06	4.67075611e-06	2.59298923e-12	0.132417313	0	0	0	0	0	3
488	42	0.626259421	12.2	4.67075427e-06	-1.71404972e-08	-4.70330842e-06	4.67075587e-06	2.49691185e-12	0.132421134	0	0	0	0	0	3
489	42	0.627577949	12.225	-4.70330857e-06	-1.71405971e-08	-4.70330857e-06	4.67075587e-06	2.43337209e-12	0.132417313	0	0	0	0	0	3
490	42	0.628895991	12.25	4.67075414e-06	-1.71406838e-08	-4.70330857e-06	4.67075564e-06	2.34364524e-12	0.132421134	0	0	0	0	0	3
491	42	0.630214519	12.275	-4.70330871e-06	-1.71407776e-08	-4.70330871e-06	4.67075564e-06	2.28387988e-12	0.132417313	0	0	0	0	0	3
492	42	0.631532561	12.3	4.67075402e-06	-1.71408588e-08	-4.70330871e-06	4.67075543e-06	2.19938019e-12	0.132421134	0	0	0	0	0	3
493	42	0.632851089	12.325	-4.70330884e-06	-1.71409471e-08	-4.70330884e-06	4.67075543e-06	2.14384926e-12	0.132417313	0	0	0	0	0	3
494	42	0.634169131	12.35	4.6707539e-06	-1.71410238e-08	-4.70330884e-06	4.67075523e-06	2.06508239e-12	0.132421134	0	0	0	0	0	3
495	42	0.635487659	12.375	-4.70330897e-06	-1.71411068e-08	-4.70330897e-06	4.67075523e-06	2.01279728e-12	0.132417313	0	0	0	0	0	3
496	42	0.6368057	12.4	4.67075379e-06	-1.71411788e-08	-4.70330897e-06	4.67075505e-06	1.9390784e-12	0.132421134	0	0	0	0	0	3
497	42	0.638124228	12.425	-4.70330908e-06	-1.7141257e-08	-4.70330908e-06	4.67075505e-06	1.89061573e-12	0.132417313	0	0	0	0	0	3
498	42	0.63944227	12.45	4.67075369e-06	-1.71413246e-08	-4.70330908e-06	4.67075487e-06	1.82122922e-12	0.132421134	0	0	0	0	0	3
499	43	0.640760798	12.475	-4.70330919e-06	-1.71413979e-08	-4.70330919e-06	4.67075487e-06	1.77576408e-12	0.132417313	0	0	0	0	0	3
500	43	0.64207884	12.5	4.6707536e-06	-1.71414618e-08	-4.70330919e-06	4.67075471e-06	1.71108798e-12	0.132421134	0	0	0	0	0	3
501	43	0.643397368	12.525	-4.7033093e-06	-1.7141531e-08	-4.7033093e-06	4.67075471e-06	1.6687199e-12	0.132417313	0	0	0	0	0	3
502	43	0.64471541	12.55	4.6707535e-06	-1.71415912e-08	-4.7033093e-06	4.67075455e-06	1.60838278e-12	0.132421134	0	0	0	0	0	3
503	43	0.646033938	12.575	-4.7033094e-06	-1.71416565e-08	-4.7033094e-06	4.67075455e-06	1.56939706e-12	0.132417313	0	0	0	0	0	3
504	43	0.64735198	12.6	4.67075342e-06	-1.71417131e-08	-4.7033094e-06	4.6707544e-06	1.51263335e-12	0.132421134	0	0	0	0	0	3
505	43	0.648670507	12.625	-4.70330949e-06	-1.71417744e-08	-4.70330949e-06	4.6707544e-06	1.47560853e-12	0.132417313	0	0	0	0	0	3
506	43	0.649988549	12.65	4.67075334e-06	-1.71418276e-08	-4.70330949e-06	4.67075427e-06	1.42242424e-12	0.132421134	0	0	0	0	0	3
507	43	0.651307077	12.675	-4.70330958e-06	-1.71418856e-08	-4.70330958e-06	4.67075427e-06	1.3883757e-12	0.132417313	0	0	0	0	0	3
508	43	0.652625119	12.7	4.67075327e-06	-1.71419358e-08	-4.70330958e-06	4.67075414e-06	1.33863797e-12	0.132421134	0	0	0	0	0	3
509	43	0.653943647	12.725	-4.70330966e-06	-1.71419901e-08	-4.70330966e-06	4.67075414e-06	1.30627743e-12	0.132417313	0	0	0	0	0	3
510	44	0.655261689	12.75	4.67075319e-06	-1.71420375e-08	-4.70330966e-06	4.67075402e-06	1.25980903e-12	0.132421134	0	0	0	0	0	3
511	44	0.656580217	12.775	-4.70330974e-06	-1.71420888e-08	-4.70330974e-06	4.67075402e-06	1.23000766e-12	0.132417313	0	0	0	0	0	3
512	44	0.657898259	12.8	4.67075313e-06	-1.71421334e-08	-4.70330974e-06	4.6707539e-06	1.18631207e-12	0.132421134	0	0	0	0	0	3
513	44	0.659216787	12.825	-4.70330981e-06	-1.71421818e-08	-4.70330981e-06	4.6707539e-06	1.15808709e-12	0.132417313	0	0	0	0	0	3
514	44	0.660534828	12.85	4.67075306e-06	-1.71422239e-08	-4.70330981e-06	4.67075379e-06	1.11708697e-12	0.132421134	0	0	0	0	0	3
515	44	0.661853356	12.875	-4.70330988e-06	-1.71422694e-08	-4.70330988e-06	4.67075379e-06	1.09067107e-12	0.132417313	0	0	0	0	0	3
516	44	0.663171398	12.9	4.670753e-06	-1.71423089e-08	-4.70330988e-06	4.67075369e-06	1.05198646e-12	0.132421134	0	0	0	0	0	3
517	44	0.664489926	12.925	-4.70330995e-06	-1.71423521e-08	-4.70330995e-06	4.67075369e-06	1.02743493e-12	0.132417313	0	0	0	0	0	3
518	44	0.665807968	12.95	4.67075295e-06	-1.71423895e-08	-4.70330995e-06	4.6707536e-06	9.91582413e-13	0.132421134	0	0	0	0	0	3
519	44	0.667126496	12.975	-4.70331e-06	-1.71424301e-08	-4.70331e-06	4.6707536e-06	9.68312091e-13	0.132417313	0	0	0	0	0	3
520	44	0.668444538	13	4.6707529e-06	-1.71424652e-08	-4.70331e-06	4.6707535e-06	9.34192762e-13	0.132421134	0	0	0	0	0	3
521	45	0.669763066	13.025	-4.70331007e-06	-1.71425035e-08	-4.70331007e-06	4.6707535e-06	9.12358848e-13	0.132417313	0	0	0	0	0	3
522	45	0.671081107	13.05	4.67075284e-06	-1.71425367e-08	-4.70331007e-06	4.67075342e-06	8.80200493e-13	0.132421134	0	0	0	0	0	3
523	45	0.672399635	13.075	-4.70331012e-06	-1.71425727e-08	-4.70331012e-06	4.67075342e-06	8.5964164e-13	0.132417313	0	0	0	0	0	3
524	45	0.673717677	13.1	4.67075279e-06	-1.71426041e-08	-4.70331012e-06	4.67075334e-06	8.29711057e-13	0.132421134	0	0	0	0	0	3
525	45	0.675036205	13.125	-4.70331017e-06	-1.71426379e-08	-4.70331017e-06	4.67075334e-06	8.10354915e-13	0.132417313	0	0	0	0	0	3
526	45	0.676354247	13.15	4.67075275e-06	-1.71426675e-08	-4.70331017e-06	4.67075327e-06	7.81869523e-13	0.132421134	0	0	0	0	0	3
527	45	0.677672775	13.175	-4.70331021e-06	-1.71426993e-08	-4.70331021e-06	4.67075327e-06	7.63527194e-13	0.132417313	0	0	0	0	0	3
528	45	0.678990817	13.2	4.67075271e-06	-1.71427271e-08	-4.70331021e-06	4.67075319e-06	7.3702025e-13	0.132421134	0	0	0	0	0	3
529	45	0.680309345	13.225	-4.70331026e-06	-1.71427573e-08	-4.70331026e-06	4.67075319e-06	7.19891405e-13	0.132417313	0	0	0	0	0	3
530	45	0.681627387	13.25	4.67075267e-06	-1.71427834e-08	-4.70331026e-06	4.67075313e-06	6.94585843e-13	0.132421134	0	0	0	0	0	3
531	45	0.682945914	13.275	-4.7033103e-06	-1.71428117e-08	-4.7033103e-06	4.67075313e-06	6.78240004e-13	0.132417313	0	0	0	0	0	3
532	46	0.684263956	13.3	4.67075263e-06	-1.71428365e-08	-4.7033103e-06	4.67075306e-06	6.54621701e-13	0.132421134	0	0	0	0	0	3
533	46	0.685582484	13.325	-4.70331034e-06	-1.71428631e-08	-4.70331034e-06	4.67075306e-06	6.3925441e-13	0.132417313	0	0	0	0	0	3
534	46	0.686900526	13.35	4.6707526e-06	-1.71428863e-08	-4.70331034e-06	4.670753e-06	6.16824042e-13	0.132421134	0	0	0	0	0	3
535	46	0.688219054	13.375	-4.70331038e-06	-1.71429114e-08	-4.70331038e-06	4.670753e-06	6.02490651e-13	0.132417313	0	0	0	0	0	3
536	46	0.689537096	13.4	4.67075257e-06	-1.71429332e-08	-4.70331038e-06	4.67075295e-06	5.81101189e-13	0.132421134	0	0	0	0	0	3
537	46	0.690855624	13.425	-4.70331041e-06	-1.71429566e-08	-4.70331041e-06	4.67075295e-06	5.6707012e-13	0.132417313	0	0	0	0	0	3
538	46	0.692173666	13.45	4.67075254e-06	-1.7142977e-08	-4.70331041e-06	4.6707529e-06	5.46910484e-13	0.132421134	0	0	0	0	0	3
539	46	0.693492194	13.475	-4.70331045e-06	-1.71429993e-08	-4.70331045e-06	4.6707529e-06	5.3411425e-13	0.132417313	0	0	0	0	0	3
540	56	0.694810235	13.5	4.67075251e-06	-1.71430186e-08	-4.70331045e-06	4.67075284e-06	5.15106819e-13	0.132421134	0	0	0	0	0	3
541	56	0.696128763	13.525	-4.70331048e-06	-1.71430394e-08	-4.70331048e-06	4.67075284e-06	5.02651499e-13	0.132417313	0	0	0	0	0	3
542	56	0.697446805	13.55	4.67075248e-06	-1.71430575e-08	-4.70331048e-06	4.67075279e-06	4.84813199e-13	0.132421134	0	0	0	0	0	3
543	56	0.698765333	13.575	-4.70331051e-06	-1.71430772e-08	-4.70331051e-06	4.67075279e-06	4.73078977e-13	0.132417313	0	0	0	0	0	3
544	56	0.700083375	13.6	4.67075246e-06	-1.71430941e-08	-4.70331051e-06	4.67075275e-06	4.56223881e-13	0.132421134	0	0	0	0	0	3
545	56	0.701401903	13.625	-4.70331054e-06	-1.71431128e-08	-4.70331054e-06	4.67075275e-06	4.45343855e-13	0.132417313	0	0	0	0	0	3
546	56	0.702719945	13.65	4.67075243e-06	-1.7143129e-08	-4.70331054e-06	4.67075271e-06	4.29710773e-13	0.132421134	0	0	0	0	0	3
547	56	0.704038473	13.675	-4.70331057e-06	-1.71431466e-08	-4.70331057e-06	4.67075271e-06	4.19479383e-13	0.132417313	0	0	0	0	0	3
548	56	0.705356514	13.7	4.67075241e-06	-1.71431617e-08	-4.70331057e-06	4.67075267e-06	4.04343983e-13	0.132421134	0	0	0	0	0	3
549	57	0.706675042	13.725	-4.70331059e-06	-1.7143178e-08	-4.70331059e-06	4.67075267e-06	3.94633413e-13	0.132417313	0	0	0	0	0	3
550	57	0.707993084	13.75	4.67075239e-06	-1.71431923e-08	-4.70331059e-06	4.67075263e-06	3.80639791e-13	0.132421134	0	0	0	0	0	3
551	57	0.709311612	13.775	-4.70331061e-06	-1.71432078e-08	-4.70331061e-06	4.67075263e-06	3.71347342e-13	0.132417313	0	0	0	0	0	3
552	57	0.710629654	13.8	4.67075237e-06	-1.71432211e-08	-4.70331061e-06	4.6707526e-06	3.57955752e-13	0.132421134	0	0	0	0	0	3
553	57	0.711948182	13.825	-4.70331063e-06	-1.71432356e-08	-4.70331063e-06	4.6707526e-06	3.49362903e-13	0.132417313	0	0	0	0	0	3
554	57	0.713266224	13.85	4.67075235e-06	-1.71432481e-08	-4.70331063e-06	4.67075257e-06	3.36681643e-13	0.132421134	0	0	0	0	0	3
555	57	0.714584752	13.875	-4.70331065e-06	-1.71432617e-08	-4.70331065e-06	4.67075257e-06	3.284858e-13	0.132417313	0	0	0	0	0	3
556	57	0.715902794	13.9	4.67075233e-06	-1.71432736e-08	-4.70331065e-06	4.67075254e-06	3.17002124e-13	0.132421134	0	0	0	0	0	3
557	57	0.717221322	13.925	-4.70331067e-06	-1.71432865e-08	-4.70331067e-06	4.67075254e-06	3.09540532e-13	0.132417313	0	0	0	0	0	3
558	57	0.718539363	13.95	4.67075231e-06	-1.71432977e-08	-4.70331067e-06	4.67075251e-06	2.98416259e-13	0.132421134	0	0	0	0	0	3
559	58	0.719857891	13.975	-4.70331069e-06	-1.71433097e-08	-4.70331069e-06	4.67075251e-06	2.91105873e-13	0.132417313	0	0	0	0	0	3
560	58	0.721175933	14	4.6707523e-06	-1.71433203e-08	-4.70331069e-06	4.67075248e-06	2.80890719e-13	0.132421134	0	0	0	0	0	3
561	58	0.722494461	14.025	-4.70331071e-06	-1.71433317e-08	-4.70331071e-06	4.67075248e-06	2.74208872e-13	0.132417313	0	0	0	0	0	3
562	58	0.723812503	14.05	4.67075228e-06	-1.71433416e-08	-4.70331071e-06	4.67075246e-06	2.64394904e-13	0.132421134	0	0	0	0	0	3
563	58	0.725131031	14.075	-4.70331073e-06	-1.71433524e-08	-4.70331073e-06	4.67075246e-06	2.58230541e-13	0.132417313	0	0	0	0	0	3
564	58	0.726449073	14.1	4.67075226e-06	-1.7143362e-08	-4.70331073e-06	4.67075243e-06	2.49209124e-13	0.132421134	0	0	0	0	0	3
565	58	0.727767601	14.125	-4.70331074e-06	-1.71433721e-08	-4.70331074e-06	4.67075243e-06	2.43084734e-13	0.132417313	0	0	0	0	0	3
566	58	0.729085642	14.15	4.67075226e-06	-1.71433806e-08	-4.70331074e-06	4.67075241e-06	2.33967981e-13	0.132421134	0	0	0	0	0	3
567	58	0.73040417	14.175	-4.70331075e-06	-1.71433899e-08	-4.70331075e-06	4.67075241e-06	2.28258191e-13	0.132417313	0	0	0	0	0	3
568	58	0.731722212	14.2	4.67075224e-06	-1.71433982e-08	-4.70331075e-06	4.67075239e-06	2.20131269e-13	0.132421134	0	0	0	0	0	3
569	58	0.73304074	14.225	-4.70331077e-06	-1.71434073e-08	-4.70331077e-06	4.67075239e-06	2.14952664e-13	0.132417313	0	0	0	0	0	3
570	59	0.734358782	14.25	4.67075223e-06	-1.71434152e-08	-4.70331077e-06	4.67075237e-06	2.07332659e-13	0.132421134	0	0	0	0	0	3
571	59	0.73567731	14.275	-4.70331078e-06	-1.71434236e-08	-4.70331078e-06	4.67075237e-06	2.02524087e-13	0.132417313	0	0	0	0	0	3
572	59	0.736995352	14.3	4.67075222e-06	-1.71434309e-08	-4.70331078e-06	4.67075235e-06	1.95234892e-13	0.132421134	0	0	0	0	0	3
573	59	0.73831388	14.325	-4.70331079e-06	-1.71434388e-08	-4.70331079e-06	4.67075235e-06	1.90707567e-13	0.132417313	0	0	0	0	0	3
574	59	0.739631922	14.35	4.67075221e-06	-1.71434459e-08	-4.70331079e-06	4.67075233e-06	1.84237685e-13	0.132421134	0	0	0	0	0	3
575	59	0.740950449	14.375	-4.70331081e-06	-1.71434535e-08	-4.70331081e-06	4.67075233e-06	1.79888858e-13	0.132417313	0	0	0	0	0	3
576	59	0.742268491	14.4	4.6707522e-06	-1.714346e-08	-4.70331081e-06	4.67075231e-06	1.73434817e-13	0.132421134	0	0	0	0	0	3
577	59	0.743587019	14.425	-4.70331082e-06	-1.71434671e-08	-4.70331082e-06	4.67075231e-06	1.69386502e-13	0.132417313	0	0	0	0	0	3
578	59	0.744905061	14.45	4.67075219e-06	-1.71434731e-08	-4.70331082e-06	4.6707523e-06	1.63403595e-13	0.132421134	0	0	0	0	0	3
579	59	0.746223589	14.475	-4.70331083e-06	-1.71434798e-08	-4.70331083e-06	4.6707523e-06	1.59539221e-13	0.132417313	0	0	0	0	0	3
580	60	0.747541631	14.5	4.67075218e-06	-1.71434857e-08	-4.70331083e-06	4.67075228e-06	1.53977415e-13	0.132421134	0	0	0	0	0	3
581	60	0.748860159	14.525	-4.70331084e-06	-1.7143492e-08	-4.70331084e-06	4.67075228e-06	1.50380178e-13	0.132417313	0	0	0	0	0	3
582	60	0.750178201	14.55	4.67075217e-06	-1.71434974e-08	-4.70331084e-06	4.67075226e-06	1.45012009e-13	0.132421134	0	0	0	0	0	3
583	60	0.751496729	14.575	-4.70331084e-06	-1.71435032e-08	-4.70331084e-06	4.67075226e-06	1.41162884e-13	0.132417313	0	0	0	0	0	3
584	60	0.75281477	14.6	4.67075217e-06	-1.71435081e-08	-4.70331084e-06	4.67075226e-06	1.35974583e-13	0.132421134	0	0	0	0	0	3
585	60	0.754133298	14.625	-4.70331085e-06	-1.71435135e-08	-4.70331085e-06	4.67075226e-06	1.32955839e-13	0.132417313	0	0	0	0	0	3
586	60	0.75545134	14.65	4.67075216e-06	-1.71435185e-08	-4.70331085e-06	4.67075224e-06	1.28544026e-13	0.132421134	0	0	0	0	0	3
587	60	0.756769868	14.675	-4.70331086e-06	-1.71435238e-08	-4.70331086e-06	4.67075224e-06	1.25639735e-13	0.132417313	0	0	0	0	0	3
588	60	0.75808791	14.7	4.67075215e-06	-1.71435285e-08	-4.70331086e-06	4.67075223e-06	1.21202348e-13	0.132421134	0	0	0	0	0	3
589	60	0.759406438	14.725	-4.70331087e-06	-1.71435333e-08	-4.70331087e-06	4.67075223e-06	1.18173684e-13	0.132417313	0	0	0	0	0	3
590	61	0.76072448	14.75	4.67075215e-06	-1.71435374e-08	-4.70331087e-06	4.67075222e-06	1.13794134e-13	0.132421134	0	0	0	0	0	3
591	61	0.762043008	14.775	-4.70331088e-06	-1.71435422e-08	-4.70331088e-06	4.67075222e-06	1.11332226e-13	0.132417313	0	0	0	0	0	3
592	61	0.763361049	14.8	4.67075214e-06	-1.71435462e-08	-4.70331088e-06	4.67075221e-06	1.07387904e-13	0.132421134	0	0	0	0	0	3
593	61	0.764679577	14.825	-4.70331088e-06	-1.71435504e-08	-4.70331088e-06	4.67075221e-06	1.04500392e-13	0.132417313	0	0	0	0	0	3
594	61	0.765997619	14.85	4.67075213e-06	-1.71435542e-08	-4.70331088e-06	4.6707522e-06	1.00694381e-13	0.132421134	0	0	0	0	0	3
595	61	0.767316147	14.875	-4.70331089e-06	-1.71435583e-08	-4.70331089e-06	4.6707522e-06	9.83110878e-14	0.132417313	0	0	0	0	0	3
596	61	0.768634189	14.9	4.67075213e-06	-1.7143562e-08	-4.70331089e-06	4.67075219e-06	9.48765203e-14	0.132421134	0	0	0	0	0	3
597	61	0.769952717	14.925	-4.70331089e-06	-1.71435658e-08	-4.70331089e-06	4.67075219e-06	9.26268609e-14	0.132417313	0	0	0	0	0	3
598	61	0.771270759	14.95	4.67075212e-06	-1.71435693e-08	-4.70331089e-06	4.67075218e-06	8.94971752e-14	0.132421134	0	0	0	0	0	3
599	61	0.772589287	14.975	-4.7033109e-06	-1.7143573e-08	-4.7033109e-06	4.67075218e-06	8.72923806e-14	0.132417313	0	0	0	0	0	3
600	62	0.773907329	15	4.67075212e-06	-1.71435762e-08	-4.7033109e-06	4.67075217e-06	8.42206331e-14	0.132421134	0	0	0	0	0	3
601	62	0.775225856	15.025	-4.7033109e-06	-1.71435797e-08	-4.7033109e-06	4.67075217e-06	8.22632217e-14	0.132417313	0	0	0	0	0	3
602	62	0.776543898	15.05	4.67075212e-06	-1.71435825e-08	-4.7033109e-06	4.67075217e-06	7.93077401e-14	0.132421134	0	0	0	0	0	3
603	62	0.777862426	15.075	-4.70331091e-06	-1.71435857e-08	-4.70331091e-06	4.67075217e-06	7.7683698e-14	0.132417313	0	0	0	0	0	3
604	62	0.779180468	15.1	4.67075211e-06	-1.71435885e-08	-4.70331091e-06	4.67075216e-06	7.49332428e-14	0.132421134	0	0	0	0	0	3
605	62	0.780498996	15.125	-4.70331091e-06	-1.71435915e-08	-4.70331091e-06	4.67075216e-06	7.30126374e-14	0.132417313	0	0	0	0	0	3
606	62	0.781817038	15.15	4.67075211e-06	-1.71435942e-08	-4.70331091e-06	4.67075215e-06	7.0349236e-14	0.132421134	0	0	0	0	0	3
607	62	0.783135566	15.175	-4.70331091e-06	-1.71435968e-08	-4.70331091e-06	4.67075215e-06	6.83539508e-14	0.132417313	0	0	0	0	0	3
608	62	0.784453608	15.2	4.6707521e-06	-1.71435992e-08	-4.70331091e-06	4.67075215e-06	6.58387864e-14	0.132421134	0	0	0	0	0	3
609	62	0.785772136	15.225	-4.70331092e-06	-1.71436019e-08	-4.70331092e-06	4.67075215e-06	6.45349263e-14	0.132417313	0	0	0	0	0	3
610	63	0.787090177	15.25	4.6707521e-06	-1.71436045e-08	-4.70331092e-06	4.67075214e-06	6.22636353e-14	0.132421134	0	0	0	0	0	3
611	63	0.788408705	15.275	-4.70331093e-06	-1.7143607e-08	-4.70331093e-06	4.67075214e-06	6.08268628e-14	0.132417313	0	0	0	0	0	3
612	63	0.789726747	15.3	4.6707521e-06	-1.71436093e-08	-4.70331093e-06	4.67075213e-06	5.89259118e-14	0.132421134	0	0	0	0	0	3
613	63	0.791045275	15.325	-4.70331093e-06	-1.71436118e-08	-4.70331093e-06	4.67075213e-06	5.76878635e-14	0.132417313	0	0	0	0	0	3
614	63	0.792363317	15.35	4.67075209e-06	-1.71436139e-08	-4.70331093e-06	4.67075213e-06	5.56270568e-14	0.132421134	0	0	0	0	0	3
615	63	0.793681845	15.375	-4.70331093e-06	-1.71436161e-08	-4.70331093e-06	4.67075213e-06	5.41519676e-14	0.132417313	0	0	0	0	0	3
616	63	0.794999887	15.4	4.67075209e-06	-1.71436182e-08	-4.70331093e-06	4.67075212e-06	5.2401771e-14	0.132421134	0	0	0	0	0	3
617	63	0.796318415	15.425	-4.70331094e-06	-1.71436204e-08	-4.70331094e-06	4.67075212e-06	5.11045795e-14	0.132417313	0	0	0	0	0	3
618	63	0.797636456	15.45	4.67075209e-06	-1.71436221e-08	-4.70331094e-06	4.67075212e-06	4.9132152e-14	0.132421134	0	0	0	0	0	3
619	63	0.798954984	15.475	-4.70331094e-06	-1.7143624e-08	-4.70331094e-06	4.67075212e-06	4.78656592e-14	0.132417313	0	0	0	0	0	3
620	64	0.800273026	15.5	4.67075208e-06	-1.71436257e-08	-4.70331094e-06	4.67075212e-06	4.60456526e-14	0.132421134	0	0	0	0	0	3
621	64	0.801591554	15.525	-4.70331094e-06	-1.71436274e-08	-4.70331094e-06	4.67075212e-06	4.49347514e-14	0.132417313	0	0	0	0	0	3
622	64	0.802909596	15.55	4.67075208e-06	-1.71436292e-08	-4.70331094e-06	4.67075211e-06	4.35030649e-14	0.132421134	0	0	0	0	0	3
623	64	0.804228124	15.575	-4.70331094e-06	-1.71436311e-08	-4.70331094e-06	4.67075211e-06	4.25922461e-14	0.132417313	0	0	0	0	0	3
624	64	0.805546166	15.6	4.67075208e-06	-1.71436328e-08	-4.70331094e-06	4.67075211e-06	4.12727798e-14	0.132421134	0	0	0	0	0	3
625	64	0.806864694	15.625	-4.70331095e-06	-1.71436346e-08	-4.70331095e-06	4.67075211e-06	4.0449622e-14	0.132417313	0	0	0	0	0	3
626	64	0.808182736	15.65	4.67075207e-06	-1.71436362e-08	-4.70331095e-06	4.6707521e-06	3.9357621e-14	0.132421134	0	0	0	0	0	3
627	64	0.809501264	15.675	-4.70331095e-06	-1.7143638e-08	-4.70331095e-06	4.6707521e-06	3.8855224e-14	0.132417313	0	0	0	0	0	3
628	64	0.810819305	15.7	4.67075208e-06	-1.71436394e-08	-4.70331095e-06	4.6707521e-06	3.74701945e-14	0.132421134	0	0	0	0	0	3
629	65	0.812137833	15.725	-4.70331095e-06	-1.71436408e-08	-4.70331095e-06	4.6707521e-06	3.63573054e-14	0.132417313	0	0	0	0	0	3
630	65	0.813455875	15.75	4.67075207e-06	-1.71436421e-08	-4.70331095e-06	4.6707521e-06	3.50387255e-14	0.132421134	0	0	0	0	0	3
631	65	0.814774403	15.775	-4.70331096e-06	-1.71436436e-08	-4.70331096e-06	4.6707521e-06	3.42257592e-14	0.132417313	0	0	0	0	0	3
632	65	0.816092445	15.8	4.67075207e-06	-1.71436447e-08	-4.70331096e-06	4.67075209e-06	3.28806659e-14	0.132421134	0	0	0	0	0	3
633	65	0.817410973	15.825	-4.70331096e-06	-1.71436462e-08	-4.70331096e-06	4.67075209e-06	3.22621181e-14	0.132417313	0	0	0	0	0	3
634	65	0.818729015	15.85	4.67075207e-06	-1.71436473e-08	-4.70331096e-06	4.67075209e-06	3.12263551e-14	0.132421134	0	0	0	0	0	3
635	65	0.820047543	15.875	-4.70331096e-06	-1.71436487e-08	-4.70331096e-06	4.67075209e-06	3.05135924e-14	0.132417313	0	0	0	0	0	3
636	65	0.821365584	15.9	4.67075207e-06	-1.71436496e-08	-4.70331096e-06	4.67075209e-06	2.91807429e-14	0.132421134	0	0	0	0	0	3
637	65	0.822684112	15.925	-4.70331096e-06	-1.71436507e-08	-4.70331096e-06	4.67075209e-06	2.86234868e-14	0.132417313	0	0	0	0	0	3
638	65	0.824002154	15.95	4.67075207e-06	-1.71436518e-08	-4.70331096e-06	4.67075208e-06	2.7792846e-14	0.132421134	0	0	0	0	0	3
639	66	0.825320682	15.975	-4.70331096e-06	-1.71436531e-08	-4.70331096e-06	4.67075208e-06	2.73606379e-14	0.132417313	0	0	0	0	0	3
640	66	0.826638724	16	4.67075206e-06	-1.7143654e-08	-4.70331096e-06	4.67075208e-06	2.65909578e-14	0.132421134	0	0	0	0	0	3
641	66	0.827957252	16.025	-4.70331096e-06	-1.71436552e-08	-4.70331096e-06	4.67075208e-06	2.59091146e-14	0.132417313	0	0	0	0	0	3
642	66	0.829275294	16.05	4.67075206e-06	-1.7143656e-08	-4.70331096e-06	4.67075208e-06	2.49922162e-14	0.132421134	0	0	0	0	0	3
643	66	0.830593822	16.075	-4.70331097e-06	-1.71436571e-08	-4.70331097e-06	4.67075208e-06	2.43396338e-14	0.132417313	0	0	0	0	0	3
644	66	0.831911863	16.1	4.67075206e-06	-1.71436579e-08	-4.70331097e-06	4.67075208e-06	2.32491466e-14	0.132421134	0	0	0	0	0	3
645	66	0.833230391	16.125	-4.70331096e-06	-2.40333668e-07	-4.70331097e-06	4.67075208e-06	2.23190033e-07	0.132417313	0	0	0	0	0	3
646	66	0.834548433	16.15	4.67075206e-06	2.0605027e-07	-4.70331097e-06	4.67075208e-06	4.46383938e-07	0.132421134	0	0	0	0	0	3
647	66	0.835866961	16.175	-4.70331097e-06	-2.40333669e-07	-4.70331097e-06	4.67075208e-06	4.46383939e-07	0.132417313	0	0	0	0	0	3
648	66	0.837185003	16.2	4.67075206e-06	2.06050269e-07	-4.70331097e-06	4.67075208e-06	4.46383939e-07	0.132421134	0	0	0	0	0	3
649	67	0.838503531	16.225	-4.70331097e-06	-2.40333671e-07	-4.70331097e-06	4.67075207e-06	4.46383941e-07	0.132417313	0	0	0	0	0	3
650	67	0.839821573	16.25	4.67075206e-06	2.06050267e-07	-4.70331097e-06	4.67075207e-06	4.46383941e-07	0.132421134	0	0	0	0	0	3
651	67	0.841140101	16.275	-4.70331097e-06	-2.40333672e-07	-4.70331097e-06	4.67075207e-06	4.46383942e-07	0.132417313	0	0	0	0	0	3
652	67	0.842458143	16.3	4.67075206e-06	2.06050266e-07	-4.70331097e-06	4.67075207e-06	4.46383942e-07	0.132421134	0	0	0	0	0	3
653	67	0.843776671	16.325	-4.70331097e-06	-2.40333673e-07	-4.70331097e-06	4.67075207e-06	4.46383943e-07	0.132417313	0	0	0	0	0	3
654	67	0.845094712	16.35	4.67075206e-06	2.06050264e-07	-4.70331097e-06	4.67075207e-06	4.46383943e-07	0.132421134	0	0	0	0	0	3
655	67	0.84641324	16.375	-4.70331097e-06	-2.40333675e-07	-4.70331097e-06	4.67075207e-06	4.46383945e-07	0.132417313	0	0	0	0	0	3
656	67	0.847731282	16.4	4.67075205e-06	2.06050263e-07	-4.70331097e-06	4.67075207e-06	4.46383945e-07	0.132421134	0	0	0	0	0	3
657	67	0.84904981	16.425	-4.70331097e-06	-2.40333676e-07	-4.70331097e-06	4.67075207e-06	4.46383946e-07	0.132417313	0	0	0	0	0	3
658	68	0.850367852	16.45	4.67075205e-06	2.06050262e-07	-4.70331097e-06	4.67075207e-06	4.46383946e-07	0.132421134	0	0	0	0	0	3
659	68	0.85168638	16.475	-4.70331097e-06	-2.40333677e-07	-4.70331097e-06	4.67075206e-06	4.46383947e-07	0.132417313	0	0	0	0	0	3
660	68	0.853004422	16.5	4.67075206e-06	2.06050261e-07	-4.70331097e-06	4.67075206e-06	4.46383947e-07	0.132421134	0	0	0	0	0	3
661	68	0.85432295	16.525	-4.70331098e-06	-2.40333678e-07	-4.70331098e-06	4.67075206e-06	4.46383948e-07	0.132417313	0	0	0	0	0	3
662	68	0.855640991	16.55	4.67075205e-06	2.0605026e-07	-4.70331098e-06	4.67075206e-06	4.46383948e-07	0.132421134	0	0	0	0	0	3
663	68	0.856959519	16.575	-4.70331097e-06	-2.40333679e-07	-4.70331098e-06	4.67075206e-06	4.46383949e-07	0.132417313	0	0	0	0	0	3
664	68	0.858277561	16.6	4.67075205e-06	2.06050259e-07	-4.70331098e-06	4.67075206e-06	4.46383949e-07	0.132421134	0	0	0	0	0	3
665	68	0.859596089	16.625	-4.70331098e-06	-2.4033368e-07	-4.70331098e-06	4.67075206e-06	4.4638395e-07	0.132417313	0	0	0	0	0	3
666	68	0.860914131	16.65	4.67075205e-06	2.06050258e-07	-4.70331098e-06	4.67075206e-06	4.4638395e-07	0.132421134	0	0	0	0	0	3
667	68	0.862232659	16.675	-4.70331098e-06	-2.40333681e-07	-4.70331098e-06	4.67075206e-06	4.46383949e-07	0.132417313	0	0	0	0	0	3
668	69	0.863550701	16.7	4.67075205e-06	2.06050257e-07	-4.70331098e-06	4.67075206e-06	4.46383949e-07	0.132421134	0	0	0	0	0	3
669	69	0.864869229	16.725	-4.70331098e-06	-2.40333682e-07	-4.70331098e-06	4.67075206e-06	4.46383949e-07	0.132417313	0	0	0	0	0	3
670	69	0.866187271	16.75	4.67075206e-06	2.06050256e-07	-4.70331098e-06	4.67075206e-06	4.46383949e-07	0.132421134	0	0	0	0	0	3
671	69	0.867505798	16.775	-4.70331098e-06	-2.40333683e-07	-4.70331098e-06	4.67075206e-06	4.46383949e-07	0.132417313	0	0	0	0	0	3
672	69	0.86882384	16.8	4.67075205e-06	2.06050255e-07	-4.70331098e-06	4.67075206e-06	4.46383949e-07	0.132421134	0	0	0	0	0	3
673	69	0.870142368	16.825	-4.70331098e-06	-2.40333684e-07	-4.70331098e-06	4.67075206e-06	4.46383948e-07	0.132417313	0	0	0	0	0	3
674	69	0.87146041	16.85	4.67075205e-06	2.06050254e-07	-4.70331098e-06	4.67075206e-06	4.46383948e-07	0.132421134	0	0	0	0	0	3
675	69	0.872778938	16.875	-4.70331098e-06	-2.40333685e-07	-4.70331098e-06	4.67075206e-06	4.46383948e-07	0.132417313	0	0	0	0	0	3
676	69	0.87409698	16.9	4.67075205e-06	2.06050254e-07	-4.70331098e-06	4.67075206e-06	4.46383948e-07	0.132421134	0	0	0	0	0	3
677	69	0.875415508	16.925	-4.70331098e-06	-2.40333685e-07	-4.70331098e-06	4.67075206e-06	4.46383947e-07	0.132417313	0	0	0	0	0	3
678	70	0.87673355	16.95	4.67075205e-06	2.06050253e-07	-4.70331098e-06	4.67075206e-06	4.46383947e-07	0.132421134	0	0	0	0	0	3
679	70	0.878052078	16.975	-4.70331098e-06	-2.40333686e-07	-4.70331098e-06	4.67075206e-06	4.46383947e-07	0.132417313	0	0	0	0	0	3
680	70	0.879370119	17	4.67075205e-06	2.06050252e-07	-4.70331098e-06	4.67075206e-06	4.46383947e-07	0.132421134	0	0	0	0	0	3
681	70	0.880688647	17.025	-4.70331098e-06	-2.40333687e-07	-4.70331098e-06	4.67075206e-06	4.46383947e-07	0.132417313	0	0	0	0	0	3
682	70	0.882006689	17.05	4.67075205e-06	2.06050252e-07	-4.70331098e-06	4.67075206e-06	4.46383947e-07	0.132421134	0	0	0	0	0	3
683	70	0.883325217	17.075	-4.70331098e-06	-2.40333687e-07	-4.70331098e-06	4.67075206e-06	4.46383946e-07	0.132417313	0	0	0	0	0	3
684	70	0.884643259	17.1	4.67075205e-06	2.06050251e-07	-4.70331098e-06	4.67075206e-06	4.46383946e-07	0.132421134	0	0	0	0	0	3
685	70	0.885961787	17.125	-4.70331099e-06	-2.40333688e-07	-4.70331099e-06	4.67075206e-06	4.46383946e-07	0.132417313	0	0	0	0	0	3
686	70	0.887279829	17.15	4.67075205e-06	2.0605025e-07	-4.70331099e-06	4.67075206e-06	4.46383946e-07	0.132421134	0	0	0	0	0	3
687	71	0.888598357	17.175	-4.70331098e-06	-2.40333688e-07	-4.70331099e-06	4.67075206e-06	4.46383945e-07	0.132417313	0	0	0	0	0	3
688	71	0.889916398	17.2	4.67075205e-06	2.0605025e-07	-4.70331099e-06	4.67075206e-06	4.46383945e-07	0.132421134	0	0	0	0	0	3
689	71	0.891234926	17.225	-4.70331098e-06	-2.40333689e-07	-4.70331099e-06	4.67075206e-06	4.46383945e-07	0.132417313	0	0	0	0	0	3
690	71	0.892552968	17.25	4.67075205e-06	2.0605025e-07	-4.70331099e-06	4.67075206e-06	4.46383945e-07	0.132421134	0	0	0	0	0	3
691	71	0.893871496	17.275	-4.70331098e-06	-2.40333689e-07	-4.70331099e-06	4.67075205e-06	4.46383944e-07	0.132417313	0	0	0	0	0	3
692	71	0.895189538	17.3	4.67075205e-06	2.06050249e-07	-4.70331099e-06	4.67075205e-06	4.46383944e-07	0.132421134	0	0	0	0	0	3
693	71	0.896508066	17.325	-4.70331098e-06	-2.4033369e-07	-4.70331099e-06	4.67075205e-06	4.46383944e-07	0.132417313	0	0	0	0	0	3
694	71	0.897826108	17.35	4.67075204e-06	2.06050249e-07	-4.70331099e-06	4.67075205e-06	4.46383944e-07	0.132421134	0	0	0	0	0	3
695	71	0.899144636	17.375	-4.70331098e-06	-2.4033369e-07	-4.70331099e-06	4.67075205e-06	4.46383944e-07	0.132417313	0	0	0	0	0	3
696	72	0.900462678	17.4	4.67075205e-06	2.06050248e-07	-4.70331099e-06	4.67075205e-06	4.46383944e-07	0.132421134	0	0	0	0	0	3
697	72	0.901781205	17.425	-4.70331098e-06	-2.4033369e-07	-4.70331099e-06	4.67075205e-06	4.46383943e-07	0.132417313	0	0	0	0	0	3
698	72	0.903099247	17.45	4.67075204e-06	2.06050248e-07	-4.70331099e-06	4.67075205e-06	4.46383943e-07	0.132421134	0	0	0	0	0	3
699	72	0.904417775	17.475	-4.70331098e-06	-2.40333691e-07	-4.70331099e-06	4.67075205e-06	4.46383943e-07	0.132417313	0	0	0	0	0	3
700	72	0.905735817	17.5	4.67075205e-06	2.06050247e-07	-4.70331099e-06	4.67075205e-06	4.46383943e-07	0.132421134	0	0	0	0	0	3
701	72	0.907054345	17.525	-4.70331098e-06	-2.40333691e-07	-4.70331099e-06	4.67075205e-06	4.46383943e-07	0.132417313	0	0	0	0	0	3
702	72	0.908372387	17.55	4.67075205e-06	2.06050247e-07	-4.70331099e-06	4.67075205e-06	4.46383943e-07	0.132421134	0	0	0	0	0	3
703	72	0.909690915	17.575	-4.70331098e-06	-2.40333692e-07	-4.70331099e-06	4.67075205e-06	4.46383943e-07	0.132417313	0	0	0	0	0	3
704	72	0.911008957	17.6	4.67075204e-06	2.06050247e-07	-4.70331099e-06	4.67075205e-06	4.46383943e-07	0.132421134	0	0	0	0	0	3
705	72	0.912327485	17.625	-4.70331098e-06	-2.40333692e-07	-4.70331099e-06	4.67075205e-06	4.46383943e-07	0.132417313	0	0	0	0	0	3
706	73	0.913645526	17.65	4.67075204e-06	2.06050246e-07	-4.70331098e-06	4.67075205e-06	4.46383943e-07	0.132421134	0	0	0	0	0	3
707	73	0.914964054	17.675	-4.70331098e-06	-2.40333692e-07	-4.70331098e-06	4.67075205e-06	4.46383942e-07	0.132417313	0	0	0	0	0	3
708	73	0.916282096	17.7	4.67075204e-06	2.06050246e-07	-4.70331098e-06	4.67075205e-06	4.46383942e-07	0.132421135	0	0	0	0	0	3
709	73	0.917600624	17.725	-4.70331098e-06	-2.40333693e-07	-4.70331098e-06	4.67075205e-06	4.46383942e-07	0.132417313	0	0	0	0	0	3
710	73	0.918918666	17.75	4.67075204e-06	2.06050246e-07	-4.70331098e-06	4.67075205e-06	4.46383942e-07	0.132421135	0	0	0	0	0	3
711	73	0.920237194	17.775	-4.70331098e-06	-2.40333693e-07	-4.70331098e-06	4.67075205e-06	4.46383942e-07	0.132417313	0	0	0	0	0	3
712	73	0.921555236	17.8	4.67075204e-06	2.06050246e-07	-4.70331098e-06	4.67075205e-06	4.46383942e-07	0.132421135	0	0	0	0	0	3
713	73	0.922873764	17.825	-4.70331098e-06	-2.40333693e-07	-4.70331098e-06	4.67075205e-06	4.46383942e-07	0.132417313	0	0	0	0	0	3
714	73	0.924191805	17.85	4.67075204e-06	2.06050245e-07	-4.70331098e-06	4.67075205e-06	4.46383942e-07	0.132421135	0	0	0	0	0	3
715	74	0.925510333	17.875	-4.70331099e-06	-2.40333693e-07	-4.70331099e-06	4.67075205e-06	4.46383942e-07	0.132417313	0	0	0	0	0	3
716	74	0.926828375	17.9	4.67075204e-06	2.06050245e-07	-4.70331099e-06	4.67075205e-06	4.46383942e-07	0.132421135	0	0	0	0	0	3
717	74	0.928146903	17.925	-4.70331099e-06	-2.40333694e-07	-4.70331099e-06	4.67075205e-06	4.46383942e-07	0.132417313	0	0	0	0	0	3
718	74	0.929464945	17.95	4.67075205e-06	2.06050245e-07	-4.70331099e-06	4.67075205e-06	4.46383942e-07	0.132421135	0	0	0	0	0	3
719	74	0.930783473	17.975	-4.70331098e-06	-2.40333694e-07	-4.70331099e-06	4.67075205e-06	4.46383941e-07	0.132417313	0	0	0	0	0	3
720	74	0.932101515	18	4.67075204e-06	2.06050245e-07	-4.70331099e-06	4.67075205e-06	4.46383941e-07	0.132421135	0	0	0	0	0	3
721	74	0.933420043	18.025	-4.70331099e-06	-2.40333694e-07	-4.70331099e-06	4.67075205e-06	4.46383941e-07	0.132417313	0	0	0	0	0	3
722	74	0.934738085	18.05	4.67075204e-06	2.06050245e-07	-4.70331099e-06	4.67075205e-06	4.46383941e-07	0.132421135	0	0	0	0	0	3
723	74	0.936056613	18.075	-4.70331098e-06	-2.40333694e-07	-4.70331099e-06	4.67075205e-06	4.46383941e-07	0.132417313	0	0	0	0	0	3
724	75	0.937374654	18.1	4.67075204e-06	2.06050245e-07	-4.70331099e-06	4.67075205e-06	4.46383941e-07	0.132421135	0	0	0	0	0	3
725	75	0.938693182	18.125	-4.70331099e-06	-2.40333694e-07	-4.70331099e-06	4.67075205e-06	4.4638394e-07	0.132417313	0	0	0	0	0	3
726	75	0.940011224	18.15	4.67075205e-06	2.06050245e-07	-4.70331099e-06	4.67075205e-06	4.4638394e-07	0.132421135	0	0	0	0	0	3
727	75	0.941329752	18.175	-4.70331099e-06	-2.40333694e-07	-4.70331099e-06	4.67075205e-06	4.4638394e-07	0.132417313	0	0	0	0	0	3
728	75	0.942647794	18.2	4.67075204e-06	2.06050245e-07	-4.70331099e-06	4.67075205e-06	4.4638394e-07	0.132421135	0	0	0	0	0	3
729	75	0.943966322	18.225	-4.70331099e-06	-2.40333694e-07	-4.70331099e-06	4.67075205e-06	4.4638394e-07	0.132417313	0	0	0	0	0	3
730	75	0.945284364	18.25	4.67075204e-06	2.06050244e-07	-4.70331099e-06	4.67075205e-06	4.4638394e-07	0.132421135	0	0	0	0	0	3
731	75	0.946602892	18.275	-4.70331099e-06	-2.40333694e-07	-4.70331099e-06	4.67075205e-06	4.4638394e-07	0.132417313	0	0	0	0	0	3
732	75	0.947920933	18.3	4.67075204e-06	2.06050244e-07	-4.70331099e-06	4.67075205e-06	4.4638394e-07	0.132421135	0	0	0	0	0	3
733	75	0.949239461	18.325	-4.70331098e-06	-2.40333694e-07	-4.70331099e-06	4.67075205e-06	4.4638394e-07	0.132417313	0	0	0	0	0	3
734	76	0.950557503	18.35	4.67075205e-06	2.06050244e-07	-4.70331099e-06	4.67075205e-06	4.4638394e-07	0.132421135	0	0	0	0	0	3
735	76	0.951876031	18.375	-4.70331099e-06	-2.40333694e-07	-4.70331099e-06	4.67075205e-06	4.46383939e-07	0.132417313	0	0	0	0	0	3
736	76	0.953194073	18.4	4.67075204e-06	2.06050244e-07	-4.70331099e-06	4.67075205e-06	4.46383939e-07	0.132421135	0	0	0	0	0	3
737	76	0.954512601	18.425	-4.70331099e-06	-2.40333694e-07	-4.70331099e-06	4.67075205e-06	4.46383939e-07	0.132417313	0	0	0	0	0	3
738	76	0.955830643	18.45	4.67075204e-06	2.06050244e-07	-4.70331099e-06	4.67075205e-06	4.46383939e-07	0.132421135	0	0	0	0	0	3
739	76	0.957149171	18.475	-4.70331099e-06	-2.40333694e-07	-4.70331099e-06	4.67075205e-06	4.46383939e-07	0.132417313	0	0	0	0	0	3
740	76	0.958467213	18.5	4.67075204e-06	2.06050244e-07	-4.70331099e-06	4.67075205e-06	4.46383939e-07	0.132421135	0	0	0	0	0	3
741	76	0.95978574	18.525	-4.70331099e-06	-2.40333695e-07	-4.70331099e-06	4.67075205e-06	4.46383939e-07	0.132417313	0	0	0	0	0	3
742	76	0.961103782	18.55	4.67075204e-06	2.06050244e-07	-4.70331099e-06	4.67075205e-06	4.46383939e-07	0.132421135	0	0	0	0	0	3
743	77	0.96242231	18.575	-4.70331098e-06	-2.40333695e-07	-4.70331099e-06	4.67075205e-06	4.46383939e-07	0.132417313	0	0	0	0	0	3
744	77	0.963740352	18.6	4.67075204e-06	2.06050244e-07	-4.70331099e-06	4.67075205e-06	4.46383939e-07	0.132421135	0	0	0	0	0	3
745	77	0.96505888	18.625	-4.70331099e-06	-2.40333695e-07	-4.70331099e-06	4.67075205e-06	4.4638394e-07	0.132417313	0	0	0	0	0	3
746	77	0.966376922	18.65	4.67075204e-06	2.06050244e-07	-4.70331099e-06	4.67075205e-06	4.4638394e-07	0.132421135	0	0	0	0	0	3
747	77	0.96769545	18.675	-4.70331098e-06	-2.40333695e-07	-4.70331099e-06	4.67075205e-06	4.4638394e-07	0.132417313	0	0	0	0	0	3
748	77	0.969013492	18.7	4.67075204e-06	2.06050244e-07	-4.70331099e-06	4.67075205e-06	4.4638394e-07	0.132421135	0	0	0	0	0	3
749	77	0.97033202	18.725	-4.70331099e-06	-2.40333695e-07	-4.70331099e-06	4.67075205e-06	4.46383939e-07	0.132417313	0	0	0	0	0	3
750	77	0.971650061	18.75	4.67075204e-06	2.06050243e-07	-4.70331099e-06	4.67075205e-06	4.46383939e-07	0.132421135	0	0	0	0	0	3
751	77	0.972968589	18.775	-4.70331099e-06	-2.40333695e-07	-4.70331099e-06	4.67075205e-06	4.46383939e-07	0.132417313	0	0	0	0	0	3
752	78	0.974286631	18.8	4.67075204e-06	2.06050243e-07	-4.70331099e-06	4.67075205e-06	4.46383939e-07	0.132421135	0	0	0	0	0	3
753	78	0.975605159	18.825	-4.70331099e-06	-2.40333695e-07	-4.70331099e-06	4.67075205e-06	4.4638394e-07	0.132417313	0	0	0	0	0	3
754	78	0.976923201	18.85	4.67075204e-06	2.06050243e-07	-4.70331099e-06	4.67075205e-06	4.4638394e-07	0.132421135	0	0	0	0	0	3
755	78	0.978241729	18.875	-4.70331099e-06	-2.40333695e-07	-4.70331099e-06	4.67075204e-06	4.4638394e-07	0.132417313	0	0	0	0	0	3
756	78	0.979559771	18.9	4.67075204e-06	2.06050243e-07	-4.70331099e-06	4.67075204e-06	4.4638394e-07	0.132421135	0	0	0	0	0	3
757	78	0.980878299	18.925	-4.70331098e-06	-2.40333695e-07	-4.70331099e-06	4.67075204e-06	4.4638394e-07	0.132417313	0	0	0	0	0	3
758	78	0.98219634	18.95	4.67075204e-06	2.06050243e-07	-4.70331099e-06	4.67075204e-06	4.4638394e-07	0.132421135	0	0	0	0	0	3
759	78	0.983514868	18.975	-4.70331099e-06	-2.40333695e-07	-4.70331099e-06	4.67075204e-06	4.46383939e-07	0.132417313	0	0	0	0	0	3
760	79	0.98483291	19	4.67075204e-06	2.06050243e-07	-4.70331099e-06	4.67075204e-06	4.46383939e-07	0.132421135	0	0	0	0	0	3
761	79	0.986151438	19.025	-4.70331099e-06	-2.40333695e-07	-4.70331099e-06	4.67075204e-06	4.46383939e-07	0.132417313	0	0	0	0	0	3
762	79	0.98746948	19.05	4.67075204e-06	2.06050243e-07	-4.70331099e-06	4.67075204e-06	4.46383939e-07	0.132421135	0	0	0	0	0	3
763	79	0.988788008	19.075	-4.70331099e-06	-2.40333695e-07	-4.70331099e-06	4.67075204e-06	4.46383939e-07	0.132417313	0	0	0	0	0	3
764	79	0.99010605	19.1	4.67075204e-06	2.06050243e-07	-4.70331099e-06	4.67075204e-06	4.46383939e-07	0.132421135	0	0	0	0	0	3
765	79	0.991424578	19.125	-4.70331099e-06	-2.40333695e-07	-4.70331099e-06	4.67075204e-06	4.46383939e-07	0.132417313	0	0	0	0	0	3
766	79	0.99274262	19.15	4.67075204e-06	2.06050243e-07	-4.70331099e-06	4.67075204e-06	4.46383939e-07	0.132421135	0	0	0	0	0	3
767	79	0.994061147	19.175	-4.70331099e-06	-2.40333695e-07	-4.70331099e-06	4.67075204e-06	4.46383939e-07	0.132417313	0	0	0	0	0	3
768	79	0.995379189	19.2	4.67075204e-06	2.06050243e-07	-4.70331099e-06	4.67075204e-06	4.46383939e-07	0.132421135	0	0	0	0	0	3
769	80	0.996697717	19.225	-4.70331099e-06	-2.40333696e-07	-4.70331099e-06	4.67075204e-06	4.46383939e-07	0.132417313	0	0	0	0	0	3
770	80	0.998015759	19.25	4.67075204e-06	2.06050243e-07	-4.70331099e-06	4.67075204e-06	4.46383939e-07	0.132421135	0	0	0	0	0	3
771	80	0.999334287	19.275	-4.70331099e-06	-2.40333696e-07	-4.70331099e-06	4.67075204e-06	4.46383939e-07	0.132417313	0	0	0	0	0	3
772	80	1	19.3	4.67075204e-06	9.83069291e-08	-4.70331099e-06	4.67075204e-06	4.46383939e-07	0.132421135	0	0	0	0	0	3
