Iteration	CPUTime	PhysTime	Travels	Value	AvValue	MinValue	MaxValue	Delta	Criteria	Progress	dGMaxMin	CriteriaType	CriteriaVarType	CriteriaPercentage
1	1	0.0087122225	0.00805624849	293.341917	293.341917	293.341917	293.341917	0	0	0	0	80.0397	0	0	3
2	1	0.0131440272	0.016112497	293.426144	293.370316	293.341917	293.426144	0.0283988049	0	0	0	79.9104	0	0	3
3	2	0.0172733156	0.0241687455	293.49653	293.400488	293.341917	293.49653	0.0585708921	0	0	0	79.8223	0	0	3
4	2	0.0214501349	0.032224994	293.559579	293.431467	293.341917	293.559579	0.0895494994	0	0	0	79.8018	0	0	3
5	2	0.0258797364	0.0402812425	293.618388	293.46346	293.341917	293.618388	0.121543087	0	0	0	79.8002	0	0	3
6	2	0.0336127001	0.048337491	293.70335	293.51865	293.341917	293.70335	0.176732378	0	0	0	79.8	0	0	3
7	3	0.0427936561	0.0563937395	293.7864	293.576093	293.341917	293.7864	0.234175669	0	0	0	79.8	0	0	3
8	3	0.0525812296	0.0644499879	293.861189	293.629161	293.341917	293.861189	0.287243943	0	0	0	79.8	0	0	3
9	3	0.0625484757	0.0725062364	293.927797	293.676749	293.341917	293.927797	0.334832208	0	0	0	79.8	0	0	3
10	6	0.0726406876	0.0805624849	293.988825	293.720107	293.341917	293.988825	0.378189936	0	0	0	79.8	0	0	3
11	6	0.0879050577	0.0886187334	294.071916	293.781197	293.341917	294.071916	0.43928016	0	0	0	79.8	0	0	3
12	6	0.1	0.0966749819	294.133516	293.82381	293.341917	294.133516	0.481892877	0	0	0	79.8	0	0	3
13	7	0.115545437	0.10473123	294.207417	293.87542	293.341917	294.207417	0.533503255	0	0	0	79.8	0	0	3
14	7	0.131222678	0.112787479	294.277644	293.923474	293.341917	294.277644	0.581557124	0	0	0	79.8	0	0	3
15	7	0.147025424	0.120843727	294.344745	293.968754	293.341917	294.344745	0.62683655	0	0	0	79.8	0	0	3
16	7	0.170893682	0.128899976	294.438916	294.03442	293.341917	294.438916	0.692502887	0	0	0	79.8	0	0	3
17	8	0.194977618	0.136956224	294.528053	294.095394	293.341917	294.528053	0.753477204	0	0	0	79.8	0	0	3
18	8	0.2	0.145012473	294.54652	294.106723	293.341917	294.54652	0.764805826	0	0	0	79.8	0	0	3
19	8	0.224328918	0.153068721	294.630508	294.163529	293.341917	294.630508	0.821611339	0	0	0	79.8	0	0	3
20	9	0.248819412	0.16112497	294.71072	294.217387	293.341917	294.71072	0.875469652	0	0	0	79.8	0	0	3
21	9	0.285756534	0.169181218	294.823234	294.295699	293.341917	294.823234	0.953781963	0	0	0	79.8	0	0	3
22	13	0.3	0.177237467	294.865818	294.322767	293.341917	294.865818	0.980850195	0	0	0	79.8	0	0	3
23	14	0.337109892	0.185293715	294.969671	294.39398	293.341917	294.969671	1.05206299	0	0	0	79.8	0	0	3
24	14	0.374369451	0.193349964	295.068223	294.461085	293.341917	295.068223	1.11916778	0	0	0	79.8	0	0	3
25	14	0.4	0.201406212	295.133713	294.504185	293.341917	295.133713	1.16226737	0	0	0	79.8	0	0	3
26	15	0.456508313	0.209462461	295.267246	294.598639	293.341917	295.267246	1.25672195	0	0	0	79.8	0	0	3
27	15	0.5	0.217518709	295.364987	294.665299	293.341917	295.364987	1.32338147	0	0	0	79.8	0	0	3
28	15	0.557141015	0.225574958	295.485227	294.749391	293.341917	295.485227	1.40747425	0	0	0	79.8	0	0	3
29	16	0.6	0.233631206	295.571596	294.808123	293.341917	295.571596	1.46620567	0	0	0	79.8	0	0	3
30	16	0.657547478	0.241687455	295.680874	294.884505	293.341917	295.680874	1.5425874	0	0	0	79.8	0	0	3
31	16	0.7	0.249743703	295.758435	294.937505	293.341917	295.758435	1.59558818	0	0	0	79.8	0	0	3
32	17	0.776167603	0.257799952	295.887679	295.030749	293.341917	295.887679	1.68883146	0	0	0	79.8	0	0	3
33	17	0.8	0.2658562	295.927582	295.057466	293.341917	295.927582	1.71554857	0	0	0	79.8	0	0	3
34	17	0.876439417	0.273912449	296.046843	295.143755	293.341917	296.046843	1.80183792	0	0	0	79.8	0	0	3
35	18	0.9	0.281968697	296.083148	295.168347	293.341917	296.083148	1.82642975	0	0	0	79.8	0	0	3
36	18	0.976653836	0.290024946	296.193672	295.248821	293.341917	296.193672	1.90690356	0	0	0	79.8	0	0	3
37	18	1	0.298081194	296.226938	295.271656	293.341917	296.226938	1.92973885	0	0	0	79.8	0	0	3
38	23	1.07682422	0.306137443	296.329721	295.347142	293.341917	296.329721	2.00522474	0	0	0	79.8	0	0	3
39	23	1.1	0.314193691	296.360385	295.36849	293.341917	296.360385	2.02657264	0	0	0	79.8	0	0	3
40	24	1.17693841	0.32224994	296.456238	295.439598	293.341917	296.456238	2.09768052	0	0	0	79.8	0	0	3
41	24	1.2	0.330306188	296.484662	295.459682	293.341917	296.484662	2.11776456	0	0	0	79.8	0	0	3
42	24	1.27705065	0.338362437	296.574305	295.526932	293.341917	296.574305	2.18501519	0	0	0	79.8	0	0	3
43	25	1.3	0.346418685	296.60073	295.545889	293.341917	296.60073	2.20397131	0	0	0	79.8	0	0	3
44	25	1.37711914	0.354474934	296.684721	295.609664	293.341917	296.684721	2.2677463	0	0	0	79.8	0	0	3
45	25	1.4	0.362531182	296.709387	295.627637	293.341917	296.709387	2.2857196	0	0	0	79.8	0	0	3
46	26	1.47719803	0.370587431	296.788233	295.688289	293.341917	296.788233	2.34637211	0	0	0	79.8	0	0	3
47	26	1.5	0.378643679	296.811295	295.705361	293.341917	296.811295	2.36344327	0	0	0	79.8	0	0	3
48	27	1.57722951	0.386699928	296.885405	295.763142	293.341917	296.885405	2.42122451	0	0	0	79.8	0	0	3
49	35	1.6	0.394756176	296.907046	295.779421	293.341917	296.907046	2.43750405	0	0	0	79.8	0	0	3
50	36	1.67728887	0.402812425	296.976837	295.834598	293.341917	296.976837	2.49268054	0	0	0	79.8	0	0	3
51	36	1.7	0.410868673	296.997151	295.850129	293.341917	296.997151	2.50821166	0	0	0	79.8	0	0	3
52	36	1.77732394	0.418924922	297.062936	295.902893	293.341917	297.062936	2.56097583	0	0	0	79.8	0	0	3
53	37	1.8	0.42698117	297.082046	295.917748	293.341917	297.082046	2.57583057	0	0	0	79.8	0	0	3
54	37	1.87734631	0.435037419	297.144113	295.968274	293.341917	297.144113	2.62635659	0	0	0	79.8	0	0	3
55	37	1.9	0.443093667	297.162124	295.982508	293.341917	297.162124	2.64059085	0	0	0	79.8	0	0	3
56	38	1.97736612	0.451149916	297.220742	296.030955	293.341917	297.220742	2.68903779	0	0	0	79.8	0	0	3
57	38	2	0.459206164	297.237728	296.044612	293.341917	297.237728	2.70269476	0	0	0	79.8	0	0	3
58	39	2.0774051	0.467262413	297.293145	296.091133	293.341917	297.293145	2.7492157	0	0	0	79.8	0	0	3
59	39	2.1	0.475318661	297.309171	296.104238	293.341917	297.309171	2.76232116	0	0	0	79.8	0	0	3
60	39	2.17740461	0.48337491	297.361557	296.148935	293.341917	297.361557	2.8070176	0	0	0	79.8	0	0	3
61	40	2.2	0.491431158	297.376707	296.161545	293.341917	297.376707	2.8196276	0	0	0	79.8	0	0	3
62	40	2.27742162	0.499487407	297.426284	296.20454	293.341917	297.426284	2.86262278	0	0	0	79.8	0	0	3
63	41	2.3	0.507543655	297.440611	296.216674	293.341917	297.440611	2.87475689	0	0	0	79.8	0	0	3
64	41	2.3774354	0.515599904	297.487553	296.268794	293.426144	297.487553	2.89847753	0	0	0	79.8	0	0	3
65	42	2.4	0.523656152	297.501104	296.285722	293.49653	297.501104	2.88523342	0	0	0	79.8	0	0	3
66	42	2.47744666	0.531712401	297.545568	296.330063	293.559579	297.545568	2.89859653	0	0	0	79.8	0	0	3
67	42	2.5	0.539768649	297.5584	296.345909	293.618388	297.5584	2.88244886	0	0	0	79.8	0	0	3
68	43	2.57744708	0.547824898	297.60054	296.388726	293.70335	297.60054	2.87007611	0	0	0	79.8	0	0	3
69	43	2.6	0.555881146	297.612698	296.407573	293.7864	297.612698	2.83148035	0	0	0	79.8	0	0	3
70	44	2.67746954	0.563937395	297.652674	296.453318	293.861189	297.652674	2.8241567	0	0	0	79.8	0	0	3
71	44	2.7	0.571993643	297.664198	296.473206	293.927797	297.664198	2.79645661	0	0	0	79.8	0	0	3
72	44	2.77746013	0.580049891	297.702127	296.517614	293.988825	297.702127	2.79750662	0	0	0	79.8	0	0	3
73	45	2.8	0.58810614	297.713064	296.536851	294.071916	297.713064	2.75565344	0	0	0	79.8	0	0	3
74	45	2.877467	0.596162388	297.749083	296.584003	294.133516	297.749083	2.7601928	0	0	0	79.8	0	0	3
75	46	2.9	0.604218637	297.759467	296.604048	294.207417	297.759467	2.72862715	0	0	0	79.8	0	0	3
76	46	2.97747606	0.612274885	297.793704	296.649271	294.277644	297.793704	2.72579679	0	0	0	79.8	0	0	3
77	46	3	0.620331134	297.803568	296.671294	294.344745	297.803568	2.70254064	0	0	0	79.8	0	0	3
78	47	3.07748043	0.628387382	297.836132	296.714639	294.438916	297.836132	2.68021843	0	0	0	79.8	0	0	3
79	47	3.1	0.636443631	297.845516	296.741877	294.528053	297.845516	2.64648259	0	0	0	79.8	0	0	3
80	48	3.17747576	0.644499879	297.876506	296.789228	294.54652	297.876506	2.68250483	0	0	0	79.8	0	0	3
81	48	3.2	0.652556128	297.885439	296.801213	294.630508	297.885439	2.63768434	0	0	0	79.8	0	0	3
82	48	3.27749012	0.660612376	297.914967	296.846777	294.71072	297.914967	2.62939056	0	0	0	79.8	0	0	3
83	49	3.3	0.668668625	297.923472	296.871866	294.823234	297.923472	2.57616669	0	0	0	79.8	0	0	3
84	49	3.37748157	0.676724873	297.951609	296.9234	294.865818	297.951609	2.60063303	0	0	0	79.8	0	0	3
85	50	3.4	0.684781122	297.959716	296.940382	294.969671	297.959716	2.54640194	0	0	0	79.8	0	0	3
86	50	3.47748614	0.69283737	297.986542	296.989483	295.068223	297.986542	2.5283982	0	0	0	79.8	0	0	3
87	50	3.5	0.700893619	297.994272	297.019623	295.133713	297.994272	2.51543876	0	0	0	79.8	0	0	3
88	51	3.57749149	0.708949867	298.019857	297.059229	295.267246	298.019857	2.46058981	0	0	0	79.8	0	0	3
89	51	3.6	0.717006116	298.027225	297.098373	295.364987	298.027225	2.43307469	0	0	0	79.8	0	0	3
90	52	3.67748914	0.725062364	298.05163	297.145346	295.485227	298.05163	2.39595451	0	0	0	79.8	0	0	3
91	52	3.7	0.733118613	298.05866	297.182071	295.571596	298.05866	2.37394773	0	0	0	79.8	0	0	3
92	52	3.77748409	0.741174861	298.08194	297.225737	295.680874	298.08194	2.34123227	0	0	0	79.8	0	0	3
93	53	3.8	0.74923111	298.088645	297.260211	295.758435	298.088645	2.32270524	0	0	0	79.8	0	0	3
94	53	3.87750098	0.757287358	298.110852	297.301023	295.887679	298.110852	2.22317382	0	0	0	79.8	0	0	3
95	54	3.9	0.765343607	298.117243	297.341362	295.927582	298.117243	2.18966108	0	0	0	79.8	0	0	3
96	54	3.97748156	0.773399855	298.138412	297.371402	296.046843	298.138412	2.09156926	0	0	0	79.8	0	0	3
97	54	4	0.781456104	298.144504	297.40939	296.083148	298.144504	2.061356	0	0	0	79.8	0	0	3
98	55	4.07748909	0.789512352	298.164679	297.437643	296.193672	298.164679	1.97100732	0	0	0	79.8	0	0	3
99	55	4.1	0.797568601	298.170482	297.473455	296.226938	298.170482	1.94354403	0	0	0	79.8	0	0	3
100	56	4.1774963	0.805624849	298.189693	297.500082	296.329721	298.189693	1.85997213	0	0	0	79.8	0	0	3
101	56	4.2	0.813681098	298.195213	297.533879	296.360385	298.195213	1.83482807	0	0	0	79.8	0	0	3
102	57	4.27749219	0.821737346	298.213488	297.559012	296.456238	298.213488	1.75725023	0	0	0	79.8	0	0	3
103	57	4.3	0.829793595	298.218741	297.590934	296.484662	298.218741	1.73407887	0	0	0	79.8	0	0	3
104	58	4.37748804	0.837849843	298.236108	297.614697	296.574305	298.236108	1.66180254	0	0	0	79.8	0	0	3
105	58	4.4	0.845906092	298.241098	297.644882	296.60073	298.241098	1.64036828	0	0	0	79.8	0	0	3
106	59	4.47750067	0.85396234	298.257589	297.667367	296.684721	298.257589	1.57286824	0	0	0	79.8	0	0	3
107	59	4.5	0.862018589	298.26232	297.69592	296.709387	298.26232	1.55293319	0	0	0	79.8	0	0	3
108	60	4.57748607	0.870074837	298.277964	297.717218	296.788233	298.277964	1.48973016	0	0	0	79.8	0	0	3
109	60	4.6	0.878131086	298.282451	297.744258	296.811295	298.282451	1.47115572	0	0	0	79.8	0	0	3
110	61	4.67749163	0.886187334	298.297284	297.76444	296.885405	298.297284	1.41187902	0	0	0	79.8	0	0	3
111	61	4.7	0.894243583	298.301537	297.790051	296.907046	298.301537	1.39449171	0	0	0	79.8	0	0	3
112	61	4.7774964	0.902299831	298.315584	297.809196	296.976837	298.315584	1.33874701	0	0	0	79.8	0	0	3
113	62	4.8	0.91035608	298.319605	297.833475	296.997151	298.319605	1.32245364	0	0	0	79.8	0	0	3
114	62	4.87749236	0.918412328	298.33289	297.851633	297.062936	298.33289	1.26995437	0	0	0	79.8	0	0	3
115	62	4.9	0.926468577	298.336693	297.874659	297.082046	298.336693	1.25464673	0	0	0	79.8	0	0	3
116	63	4.97748966	0.934524825	298.349237	297.891889	297.144113	298.349237	1.20512384	0	0	0	79.8	0	0	3
117	63	5	0.942581074	298.352826	297.913733	297.162124	298.352826	1.19070233	0	0	0	79.8	0	0	3
118	64	5.07750167	0.950637322	298.364656	297.93009	297.220742	298.364656	1.14391455	0	0	0	79.8	0	0	3
119	64	5.1	0.958693571	298.368035	297.95082	297.237728	298.368035	1.13030739	0	0	0	79.8	0	0	3
120	65	5.17748765	0.966749819	298.379179	297.966346	297.293145	298.379179	1.08603411	0	0	0	79.8	0	0	3
121	65	5.2	0.974806068	298.382362	297.986033	297.309171	298.382362	1.07319107	0	0	0	79.8	0	0	3
122	65	5.27749229	0.982862316	298.392849	298.000768	297.361557	298.392849	1.03129219	0	0	0	79.8	0	0	3
123	66	5.3	0.990918565	298.395843	298.01946	297.376707	298.395843	1.01913578	0	0	0	79.8	0	0	3
124	66	5.37749542	0.998974813	298.4057	298.033451	297.426284	298.4057	0.97941623	0	0	0	79.8	0	0	3
125	67	5.4	1.00703106	298.408511	298.051208	297.440611	298.408511	0.967900418	0.147359449	0	15.2	79.8	0	0	3
126	67	5.47749279	1.01508731	298.417765	298.064487	297.487553	298.417765	0.930211775	0.147637051	0	15.8	79.8	0	0	3
127	67	5.5	1.02314356	298.420403	298.081359	297.501104	298.420403	0.919299435	0.147676627	0	16	79.8	0	0	3
128	68	5.577489	1.03119981	298.42909	298.09396	297.545568	298.42909	0.883521365	0.147359449	0	16.6	79.8	0	0	3
129	68	5.6	1.03925606	298.431564	298.109995	297.5584	298.431564	0.87316488	0.147359449	0	16.8	79.8	0	0	3
130	69	5.67750147	1.0473123	298.439713	298.121952	297.60054	298.439713	0.839173758	0.147359449	0	17.5	79.8	0	0	3
131	69	5.7	1.05536855	298.442029	298.137191	297.612698	298.442029	0.829331012	0.147359449	0	17.7	79.8	0	0	3
132	70	5.77748694	1.0634248	298.449665	298.148534	297.652674	298.449665	0.796990761	0.147359449	0	18.4	79.8	0	0	3
133	70	5.8	1.07148105	298.451833	298.163023	297.664198	298.451833	0.787635383	0.147359449	0	18.7	79.8	0	0	3
134	70	5.87749241	1.0795373	298.458988	298.173777	297.702127	298.458988	0.756861118	0.147359449	0	19.4	79.8	0	0	3
135	71	5.9	1.08759355	298.461014	298.187548	297.713064	298.461014	0.747950578	0.147359449	0	19.7	79.8	0	0	3
136	71	5.97749838	1.0956498	298.467709	298.197747	297.749083	298.467709	0.718626353	0.147359449	0	20.5	79.8	0	0	3
137	71	6	1.10370604	298.469605	298.210837	297.759467	298.469605	0.710137489	0.147359449	0	20.7	79.8	0	0	3
138	72	6.07749209	1.11176229	298.475861	298.220501	297.793704	298.475861	0.682157216	0.147359449	0	21.6	79.8	0	0	3
139	72	6.1	1.11981854	298.477632	298.232944	297.803568	298.477632	0.674064149	0.147359449	0	21.8	79.8	0	0	3
140	73	6.17748499	1.12787479	298.483469	298.242097	297.836132	298.483469	0.647337213	0.147359449	0	22.7	79.8	0	0	3
141	73	6.2	1.13593104	298.485123	298.253923	297.845516	298.485123	0.639606709	0.147359449	0	23	79.8	0	0	3
142	74	6.2775029	1.14398729	298.490571	298.262589	297.876506	298.490571	0.614064928	0.147359449	0	23.9	79.8	0	0	3
143	74	6.3	1.15204353	298.49211	298.273823	297.885439	298.49211	0.606671064	0.147359449	0	24.2	79.8	0	0	3
144	74	6.37749091	1.16009978	298.497195	298.282023	297.914967	298.497195	0.582228045	0.147359449	0	25.3	79.8	0	0	3
145	75	6.4	1.16815603	298.49863	298.292694	297.923472	298.49863	0.575158025	0.147359449	0	25.6	79.8	0	0	3
146	75	6.47748758	1.17621228	298.503372	298.300447	297.951609	298.503372	0.551763424	0.147359449	0	26.7	79.8	0	0	3
147	76	6.5	1.18426853	298.504708	298.310576	297.959716	298.504708	0.544992244	0.147359449	0	27	79.8	0	0	3
148	76	6.57750404	1.19232478	298.509127	298.317905	297.986542	298.509127	0.522585369	0.147359449	0	28.1	79.8	0	0	3
149	76	6.6	1.20038103	298.51037	298.327515	297.994272	298.51037	0.51609857	0.147359449	0	28.5	79.8	0	0	3
150	77	6.67748364	1.20843727	298.514501	298.334436	298.019857	298.514501	0.494643074	0.147359449	0	29.7	79.8	0	0	3
151	77	6.7	1.21649352	298.515661	298.343549	298.027225	298.515661	0.488435642	0.147359449	0	30.1	79.8	0	0	3
152	85	6.77749526	1.22454977	298.519513	298.350082	298.05163	298.519513	0.467883205	0.147359449	0	31.4	79.8	0	0	3
153	85	6.8	1.23260602	298.520593	298.358717	298.05866	298.520593	0.461933044	0.147359449	0	31.9	79.8	0	0	3
154	86	6.87749578	1.24066227	298.524176	298.364878	298.08194	298.524176	0.44223547	0.147359449	0	33.3	79.8	0	0	3
155	86	6.9	1.24871852	298.525183	298.373054	298.088645	298.525183	0.436538335	0.147359449	0	33.7	79.8	0	0	3
156	87	6.97749176	1.25677476	298.52854	298.378862	298.110852	298.52854	0.417687749	0.147359449	0	35.2	79.8	0	0	3
157	87	7	1.26483101	298.529479	298.386599	298.117243	298.529479	0.412235577	0.147359449	0	35.7	79.8	0	0	3
158	88	7.07749022	1.27288726	298.532624	298.392068	298.138412	298.532624	0.394211632	0.147359449	0	37.3	79.8	0	0	3
159	88	7.1	1.28094351	298.533499	298.399381	298.144504	298.533499	0.388994603	0.147359449	0	37.8	79.8	0	0	3
160	89	7.17749531	1.28899976	298.536443	298.404531	298.164679	298.536443	0.37176384	0.147359449	0	39.6	79.8	0	0	3
161	89	7.2	1.29705601	298.537261	298.411439	298.170482	298.537261	0.366778741	0.147359449	0	40.1	79.8	0	0	3
162	89	7.27749155	1.30511226	298.540018	298.416282	298.189693	298.540018	0.350324651	0.147359449	0	42	79.8	0	0	3
163	90	7.3	1.3131685	298.540785	298.422803	298.195213	298.540785	0.345572277	0.147359449	0	42.6	79.8	0	0	3
164	90	7.37748864	1.32122475	298.543368	298.427355	298.213488	298.543368	0.329880086	0.147359449	0	44.6	79.8	0	0	3
165	91	7.4	1.329281	298.544087	298.433504	298.218741	298.544087	0.325345886	0.147359449	0	45.2	79.8	0	0	3
166	91	7.47750452	1.33733725	298.546506	298.437782	298.236108	298.546506	0.31039814	0.147359449	0	47.4	79.8	0	0	3
167	91	7.5	1.3453935	298.547178	298.443575	298.241098	298.547178	0.306079788	0.147359449	0	48.1	79.8	0	0	3
168	92	7.57748739	1.35344975	298.54945	298.447591	298.257589	298.54945	0.291861006	0.147359449	0	50.4	79.8	0	0	3
169	92	7.6	1.361506	298.55008	298.453046	298.26232	298.55008	0.287759962	0.147359449	0	51.2	79.8	0	0	3
170	93	7.67749092	1.36956224	298.552226	298.456815	298.277964	298.552226	0.274262221	0.147359449	0	53.7	79.8	0	0	3
171	93	7.7	1.37761849	298.552817	298.461946	298.282451	298.552817	0.270366333	0.147359449	0	54.5	79.8	0	0	3
172	94	7.77749825	1.38567474	298.554833	298.465483	298.297284	298.554833	0.257548926	0.147359449	0	57.2	79.8	0	0	3
173	94	7.8	1.39373099	298.55539	298.470305	298.301537	298.55539	0.253852589	0.147359449	0	58	79.8	0	0	3
174	94	7.87749622	1.40178724	298.557294	298.473622	298.315584	298.557294	0.241710041	0.147359449	0	60.9	79.8	0	0	3
175	95	7.9	1.40984349	298.557815	298.478151	298.319605	298.557815	0.238209665	0.147359449	0	61.8	79.8	0	0	3
176	95	7.97748616	1.41789973	298.55961	298.48126	298.33289	298.55961	0.226719445	0.147359449	0	64.9	79.8	0	0	3
177	95	8	1.42595598	298.560102	298.485511	298.336693	298.560102	0.22340873	0.147359449	0	65.9	79.8	0	0	3
178	96	8.0775016	1.43401223	298.561794	298.488426	298.349237	298.561794	0.212556942	0.147359449	0	69.3	79.8	0	0	3
179	96	8.1	1.44206848	298.562255	298.492412	298.352826	298.562255	0.209428602	0.147359449	0	70.3	79.8	0	0	3
180	97	8.17748986	1.45012473	298.563853	298.495143	298.364656	298.563853	0.199196694	0.147359449	0	73.9	79.8	0	0	3
181	97	8.2	1.45818098	298.564289	298.49888	298.368035	298.564289	0.196253521	0.147359449	0	75	79.8	0	0	3
182	98	8.27748944	1.46623723	298.565793	298.501439	298.379179	298.565793	0.186613997	0.147359449	0	78.9	79.8	0	0	3
183	98	8.3	1.47429347	298.566204	298.504939	298.382362	298.566204	0.183842016	0.147359449	0	80.1	79.8	0	0	3
184	98	8.37750571	1.48234972	298.567631	298.507337	298.392849	298.567631	0.174782254	0.147359449	0	84.3	79.8	0	0	3
185	99	8.4	1.49040597	298.568016	298.510615	298.395843	298.568016	0.172173224	0.147359449	0	85.5	79.8	0	0	3
186	99	8.47748317	1.49846222	298.56937	298.512861	298.4057	298.56937	0.163669438	0.147359449	0	90	79.8	0	0	3
187	100	8.5	1.50651847	298.569734	298.515931	298.408511	298.569734	0.161223022	0.147359449	0	91.4	79.8	0	0	3
188	100	8.57749522	1.51457472	298.571012	298.518035	298.417765	298.571012	0.15324704	0.147359449	0	96.1	79.8	0	0	3
189	100	8.6	1.52263097	298.571354	298.520908	298.420403	298.571354	0.150951311	0.147359449	0	97.6	79.8	0	0	3
190	101	8.67749776	1.53068721	298.572569	298.52288	298.42909	298.572569	0.143478896	0.147359449	0	100	79.8	0	0	3
191	101	8.7	1.53874346	298.572894	298.525568	298.431564	298.572894	0.141329657	0.147359449	0	100	79.8	0	0	3
192	102	8.7774983	1.54679971	298.57404	298.527416	298.439713	298.57404	0.134326231	0.147359449	0	100	79.8	0	0	3
193	102	8.8	1.55485596	298.574346	298.529931	298.442029	298.574346	0.132317085	0.147359449	0	100	79.8	0	0	3
194	102	8.87748276	1.56291221	298.575433	298.531663	298.449665	298.575433	0.12576787	0.147359449	0	100	79.8	0	0	3
195	103	8.9	1.57096846	298.575721	298.534015	298.451833	298.575721	0.123887401	0.147359449	0	100	79.8	0	0	3
196	103	8.97750325	1.5790247	298.576758	298.53564	298.458988	298.576758	0.117770049	0.147359449	0	100	79.8	0	0	3
197	104	9	1.58708095	298.577031	298.537841	298.461014	298.577031	0.116016908	0.147359449	0	100	79.8	0	0	3
198	104	9.07748801	1.5951372	298.578016	298.539365	298.467709	298.578016	0.110306739	0.147359449	0	100	79.8	0	0	3
199	104	9.1	1.60319345	298.578274	298.541423	298.469605	298.578274	0.108668896	0.147359449	0	100	79.8	0	0	3
200	105	9.17749858	1.6112497	298.579199	298.542853	298.475861	298.579199	0.103338015	0.147359449	0	100	79.8	0	0	3
201	105	9.2	1.61930595	298.579444	298.54478	298.477632	298.579444	0.101812086	0.147359449	0	100	79.8	0	0	3
202	106	9.27749213	1.6273622	298.58032	298.546122	298.483469	298.58032	0.096851026	0.147359449	0	100	79.8	0	0	3
203	106	9.3	1.63541844	298.580551	298.547925	298.485123	298.580551	0.095428677	0.147359449	0	100	79.8	0	0	3
204	107	9.37749497	1.64347469	298.581383	298.549186	298.490571	298.581383	0.0908116105	0.147359449	0	100	79.8	0	0	3
205	107	9.4	1.65153094	298.581599	298.550874	298.49211	298.581599	0.089488388	0.147359449	0	100	79.8	0	0	3
206	107	9.47748786	1.65958719	298.582384	298.552059	298.497195	298.582384	0.0851888775	0.147359449	0	100	79.8	0	0	3
207	108	9.5	1.66764344	298.582585	298.553641	298.49863	298.582585	0.083955137	0.147359449	0	100	79.8	0	0	3
208	108	9.57750281	1.67569969	298.583339	298.554755	298.503372	298.583339	0.0799672661	0.147359449	0	100	79.8	0	0	3
209	109	9.6	1.68375594	298.58353	298.556237	298.504708	298.58353	0.0788215761	0.147359449	0	100	79.8	0	0	3
210	109	9.67748495	1.69181218	298.584247	298.557285	298.509127	298.584247	0.0751196883	0.147359449	0	100	79.8	0	0	3
211	110	9.7	1.69986843	298.58443	298.558676	298.51037	298.58443	0.074059479	0.147359449	0	100	79.8	0	0	3
212	110	9.77749426	1.70792468	298.585107	298.559663	298.514501	298.585107	0.0706067296	0.147359449	0	100	79.8	0	0	3
213	110	9.8	1.71598093	298.585276	298.560968	298.515661	298.585276	0.0696155281	0.147359449	0	100	79.8	0	0	3
214	111	9.87749533	1.72403718	298.585914	298.561898	298.519513	298.585914	0.0664012886	0.147359449	0	100	79.8	0	0	3
215	111	9.9	1.73209343	298.586071	298.563124	298.520593	298.586071	0.0654778377	0.147359449	0	100	79.8	0	0	3
216	112	9.97749647	1.74014967	298.58667	298.563999	298.524176	298.58667	0.0624940545	0.147359449	0	100	79.8	0	0	3
217	112	10	1.74820592	298.586821	298.565152	298.525183	298.586821	0.0616383204	0.147359449	0	100	79.8	0	0	3
