Iteration	CPUTime	PhysTime	Travels	Value	AvValue	MinValue	MaxValue	Delta	Criteria	Progress	dGMaxMin	CriteriaType	CriteriaVarType	CriteriaPercentage
1	1	0.0087122225	0.00805624849	373	373	373	373	0	0	0	0	80.0397	0	0	3
2	1	0.0131440272	0.016112497	373	373	373	373	0	0	0	0	79.9104	0	0	3
3	2	0.0172733156	0.0241687455	373	373	373	373	0	0	0	0	79.8223	0	0	3
4	2	0.0214501349	0.032224994	373	373	373	373	0	0	0	0	79.8018	0	0	3
5	2	0.0258797364	0.0402812425	373	373	373	373	0	0	0	0	79.8002	0	0	3
6	2	0.0336127001	0.048337491	373	373	373	373	0	0	0	0	79.8	0	0	3
7	3	0.0427936561	0.0563937395	373	373	373	373	0	0	0	0	79.8	0	0	3
8	3	0.0525812296	0.0644499879	373	373	373	373	0	0	0	0	79.8	0	0	3
9	3	0.0625484757	0.0725062364	373	373	373	373	0	0	0	0	79.8	0	0	3
10	6	0.0726406876	0.0805624849	373	373	373	373	0	0	0	0	79.8	0	0	3
11	6	0.0879050577	0.0886187334	373	373	373	373	0	0	0	0	79.8	0	0	3
12	6	0.1	0.0966749819	373	373	373	373	0	0	0	0	79.8	0	0	3
13	7	0.115545437	0.10473123	373	373	373	373	0	0	0	0	79.8	0	0	3
14	7	0.131222678	0.112787479	373	373	373	373	0	0	0	0	79.8	0	0	3
15	7	0.147025424	0.120843727	373	373	373	373	0	0	0	0	79.8	0	0	3
16	7	0.170893682	0.128899976	373	373	373	373	0	0	0	0	79.8	0	0	3
17	8	0.194977618	0.136956224	373	373	373	373	0	0	0	0	79.8	0	0	3
18	8	0.2	0.145012473	373	373	373	373	0	0	0	0	79.8	0	0	3
19	8	0.224328918	0.153068721	373	373	373	373	0	0	0	0	79.8	0	0	3
20	9	0.248819412	0.16112497	373	373	373	373	0	0	0	0	79.8	0	0	3
21	9	0.285756534	0.169181218	373	373	373	373	0	0	0	0	79.8	0	0	3
22	13	0.3	0.177237467	373	373	373	373	0	0	0	0	79.8	0	0	3
23	14	0.337109892	0.185293715	373	373	373	373	0	0	0	0	79.8	0	0	3
24	14	0.374369451	0.193349964	373	373	373	373	0	0	0	0	79.8	0	0	3
25	14	0.4	0.201406212	373	373	373	373	0	0	0	0	79.8	0	0	3
26	15	0.456508313	0.209462461	373	373	373	373	0	0	0	0	79.8	0	0	3
27	15	0.5	0.217518709	373	373	373	373	0	0	0	0	79.8	0	0	3
28	15	0.557141015	0.225574958	373	373	373	373	0	0	0	0	79.8	0	0	3
29	16	0.6	0.233631206	373	373	373	373	0	0	0	0	79.8	0	0	3
30	16	0.657547478	0.241687455	373	373	373	373	0	0	0	0	79.8	0	0	3
31	16	0.7	0.249743703	373	373	373	373	0	0	0	0	79.8	0	0	3
32	17	0.776167603	0.257799952	373	373	373	373	0	0	0	0	79.8	0	0	3
33	17	0.8	0.2658562	373	373	373	373	0	0	0	0	79.8	0	0	3
34	17	0.876439417	0.273912449	373	373	373	373	0	0	0	0	79.8	0	0	3
35	18	0.9	0.281968697	373	373	373	373	0	0	0	0	79.8	0	0	3
36	18	0.976653836	0.290024946	373	373	373	373	0	0	0	0	79.8	0	0	3
37	18	1	0.298081194	373	373	373	373	0	0	0	0	79.8	0	0	3
38	23	1.07682422	0.306137443	373	373	373	373	0	0	0	0	79.8	0	0	3
39	23	1.1	0.314193691	373	373	373	373	0	0	0	0	79.8	0	0	3
40	24	1.17693841	0.32224994	373	373	373	373	0	0	0	0	79.8	0	0	3
41	24	1.2	0.330306188	373	373	373	373	0	0	0	0	79.8	0	0	3
42	24	1.27705065	0.338362437	373	373	373	373	0	0	0	0	79.8	0	0	3
43	25	1.3	0.346418685	373	373	373	373	0	0	0	0	79.8	0	0	3
44	25	1.37711914	0.354474934	373	373	373	373	0	0	0	0	79.8	0	0	3
45	25	1.4	0.362531182	373	373	373	373	0	0	0	0	79.8	0	0	3
46	26	1.47719803	0.370587431	373	373	373	373	0	0	0	0	79.8	0	0	3
47	26	1.5	0.378643679	373	373	373	373	0	0	0	0	79.8	0	0	3
48	27	1.57722951	0.386699928	373	373	373	373	0	0	0	0	79.8	0	0	3
49	35	1.6	0.394756176	373	373	373	373	0	0	0	0	79.8	0	0	3
50	36	1.67728887	0.402812425	373	373	373	373	0	0	0	0	79.8	0	0	3
51	36	1.7	0.410868673	373	373	373	373	0	0	0	0	79.8	0	0	3
52	36	1.77732394	0.418924922	373	373	373	373	0	0	0	0	79.8	0	0	3
53	37	1.8	0.42698117	373	373	373	373	0	0	0	0	79.8	0	0	3
54	37	1.87734631	0.435037419	373	373	373	373	0	0	0	0	79.8	0	0	3
55	37	1.9	0.443093667	373	373	373	373	0	0	0	0	79.8	0	0	3
56	38	1.97736612	0.451149916	373	373	373	373	0	0	0	0	79.8	0	0	3
57	38	2	0.459206164	373	373	373	373	0	0	0	0	79.8	0	0	3
58	39	2.0774051	0.467262413	373	373	373	373	0	0	0	0	79.8	0	0	3
59	39	2.1	0.475318661	373	373	373	373	0	0	0	0	79.8	0	0	3
60	39	2.17740461	0.48337491	373	373	373	373	0	0	0	0	79.8	0	0	3
61	40	2.2	0.491431158	373	373	373	373	0	0	0	0	79.8	0	0	3
62	40	2.27742162	0.499487407	373	373	373	373	0	0	0	0	79.8	0	0	3
63	41	2.3	0.507543655	373	373	373	373	0	0	0	0	79.8	0	0	3
64	41	2.3774354	0.515599904	373	373	373	373	0	0	0	0	79.8	0	0	3
65	42	2.4	0.523656152	373	373	373	373	0	0	0	0	79.8	0	0	3
66	42	2.47744666	0.531712401	373	373	373	373	0	0	0	0	79.8	0	0	3
67	42	2.5	0.539768649	373	373	373	373	0	0	0	0	79.8	0	0	3
68	43	2.57744708	0.547824898	373	373	373	373	0	0	0	0	79.8	0	0	3
69	43	2.6	0.555881146	373	373	373	373	0	0	0	0	79.8	0	0	3
70	44	2.67746954	0.563937395	373	373	373	373	0	0	0	0	79.8	0	0	3
71	44	2.7	0.571993643	373	373	373	373	0	0	0	0	79.8	0	0	3
72	44	2.77746013	0.580049891	373	373	373	373	0	0	0	0	79.8	0	0	3
73	45	2.8	0.58810614	373	373	373	373	0	0	0	0	79.8	0	0	3
74	45	2.877467	0.596162388	373	373	373	373	0	0	0	0	79.8	0	0	3
75	46	2.9	0.604218637	373	373	373	373	0	0	0	0	79.8	0	0	3
76	46	2.97747606	0.612274885	373	373	373	373	0	0	0	0	79.8	0	0	3
77	46	3	0.620331134	373	373	373	373	0	0	0	0	79.8	0	0	3
78	47	3.07748043	0.628387382	373	373	373	373	0	0	0	0	79.8	0	0	3
79	47	3.1	0.636443631	373	373	373	373	0	0	0	0	79.8	0	0	3
80	48	3.17747576	0.644499879	373	373	373	373	0	0	0	0	79.8	0	0	3
81	48	3.2	0.652556128	373	373	373	373	0	0	0	0	79.8	0	0	3
82	48	3.27749012	0.660612376	373	373	373	373	0	0	0	0	79.8	0	0	3
83	49	3.3	0.668668625	373	373	373	373	0	0	0	0	79.8	0	0	3
84	49	3.37748157	0.676724873	373	373	373	373	0	0	0	0	79.8	0	0	3
85	50	3.4	0.684781122	373	373	373	373	0	0	0	0	79.8	0	0	3
86	50	3.47748614	0.69283737	373	373	373	373	0	0	0	0	79.8	0	0	3
87	50	3.5	0.700893619	373	373	373	373	0	0	0	0	79.8	0	0	3
88	51	3.57749149	0.708949867	373	373	373	373	0	0	0	0	79.8	0	0	3
89	51	3.6	0.717006116	373	373	373	373	0	0	0	0	79.8	0	0	3
90	52	3.67748914	0.725062364	373	373	373	373	0	0	0	0	79.8	0	0	3
91	52	3.7	0.733118613	373	373	373	373	0	0	0	0	79.8	0	0	3
92	52	3.77748409	0.741174861	373	373	373	373	0	0	0	0	79.8	0	0	3
93	53	3.8	0.74923111	373	373	373	373	0	0	0	0	79.8	0	0	3
94	53	3.87750098	0.757287358	373	373	373	373	0	0	0	0	79.8	0	0	3
95	54	3.9	0.765343607	373	373	373	373	0	0	0	0	79.8	0	0	3
96	54	3.97748156	0.773399855	373	373	373	373	0	0	0	0	79.8	0	0	3
97	54	4	0.781456104	373	373	373	373	0	0	0	0	79.8	0	0	3
98	55	4.07748909	0.789512352	373	373	373	373	0	0	0	0	79.8	0	0	3
99	55	4.1	0.797568601	373	373	373	373	0	0	0	0	79.8	0	0	3
100	56	4.1774963	0.805624849	373	373	373	373	0	0	0	0	79.8	0	0	3
101	56	4.2	0.813681098	373	373	373	373	0	0	0	0	79.8	0	0	3
102	57	4.27749219	0.821737346	373	373	373	373	0	0	0	0	79.8	0	0	3
103	57	4.3	0.829793595	373	373	373	373	0	0	0	0	79.8	0	0	3
104	58	4.37748804	0.837849843	373	373	373	373	0	0	0	0	79.8	0	0	3
105	58	4.4	0.845906092	373	373	373	373	0	0	0	0	79.8	0	0	3
106	59	4.47750067	0.85396234	373	373	373	373	0	0	0	0	79.8	0	0	3
107	59	4.5	0.862018589	373	373	373	373	0	0	0	0	79.8	0	0	3
108	60	4.57748607	0.870074837	373	373	373	373	0	0	0	0	79.8	0	0	3
109	60	4.6	0.878131086	373	373	373	373	0	0	0	0	79.8	0	0	3
110	61	4.67749163	0.886187334	373	373	373	373	0	0	0	0	79.8	0	0	3
111	61	4.7	0.894243583	373	373	373	373	0	0	0	0	79.8	0	0	3
112	61	4.7774964	0.902299831	373	373	373	373	0	0	0	0	79.8	0	0	3
113	62	4.8	0.91035608	373	373	373	373	0	0	0	0	79.8	0	0	3
114	62	4.87749236	0.918412328	373	373	373	373	0	0	0	0	79.8	0	0	3
115	62	4.9	0.926468577	373	373	373	373	0	0	0	0	79.8	0	0	3
116	63	4.97748966	0.934524825	373	373	373	373	0	0	0	0	79.8	0	0	3
117	63	5	0.942581074	373	373	373	373	0	0	0	0	79.8	0	0	3
118	64	5.07750167	0.950637322	373	373	373	373	0	0	0	0	79.8	0	0	3
119	64	5.1	0.958693571	373	373	373	373	0	0	0	0	79.8	0	0	3
120	65	5.17748765	0.966749819	373	373	373	373	0	0	0	0	79.8	0	0	3
121	65	5.2	0.974806068	373	373	373	373	0	0	0	0	79.8	0	0	3
122	65	5.27749229	0.982862316	373	373	373	373	0	0	0	0	79.8	0	0	3
123	66	5.3	0.990918565	373	373	373	373	0	0	0	0	79.8	0	0	3
124	66	5.37749542	0.998974813	373	373	373	373	0	0	0	0	79.8	0	0	3
125	67	5.4	1.00703106	373	373	373	373	0	3.73e-06	0	100	79.8	0	0	3
126	67	5.47749279	1.01508731	373	373	373	373	0	3.73e-06	0	100	79.8	0	0	3
127	67	5.5	1.02314356	373	373	373	373	0	3.73e-06	0	100	79.8	0	0	3
128	68	5.577489	1.03119981	373	373	373	373	0	3.73e-06	0	100	79.8	0	0	3
129	68	5.6	1.03925606	373	373	373	373	0	3.73e-06	0	100	79.8	0	0	3
130	69	5.67750147	1.0473123	373	373	373	373	0	3.73e-06	0	100	79.8	0	0	3
131	69	5.7	1.05536855	373	373	373	373	0	3.73e-06	0	100	79.8	0	0	3
132	70	5.77748694	1.0634248	373	373	373	373	0	3.73e-06	0	100	79.8	0	0	3
133	70	5.8	1.07148105	373	373	373	373	0	3.73e-06	0	100	79.8	0	0	3
134	70	5.87749241	1.0795373	373	373	373	373	0	3.73e-06	0	100	79.8	0	0	3
135	71	5.9	1.08759355	373	373	373	373	0	3.73e-06	0	100	79.8	0	0	3
136	71	5.97749838	1.0956498	373	373	373	373	0	3.73e-06	0	100	79.8	0	0	3
137	71	6	1.10370604	373	373	373	373	0	3.73e-06	0	100	79.8	0	0	3
138	72	6.07749209	1.11176229	373	373	373	373	0	3.73e-06	0	100	79.8	0	0	3
139	72	6.1	1.11981854	373	373	373	373	0	3.73e-06	0	100	79.8	0	0	3
140	73	6.17748499	1.12787479	373	373	373	373	0	3.73e-06	0	100	79.8	0	0	3
141	73	6.2	1.13593104	373	373	373	373	0	3.73e-06	0	100	79.8	0	0	3
142	74	6.2775029	1.14398729	373	373	373	373	0	3.73e-06	0	100	79.8	0	0	3
143	74	6.3	1.15204353	373	373	373	373	0	3.73e-06	0	100	79.8	0	0	3
144	74	6.37749091	1.16009978	373	373	373	373	0	3.73e-06	0	100	79.8	0	0	3
145	75	6.4	1.16815603	373	373	373	373	0	3.73e-06	0	100	79.8	0	0	3
146	75	6.47748758	1.17621228	373	373	373	373	0	3.73e-06	0	100	79.8	0	0	3
147	76	6.5	1.18426853	373	373	373	373	0	3.73e-06	0	100	79.8	0	0	3
148	76	6.57750404	1.19232478	373	373	373	373	0	3.73e-06	0	100	79.8	0	0	3
149	76	6.6	1.20038103	373	373	373	373	0	3.73e-06	0	100	79.8	0	0	3
150	77	6.67748364	1.20843727	373	373	373	373	0	3.73e-06	0	100	79.8	0	0	3
151	77	6.7	1.21649352	373	373	373	373	0	3.73e-06	0	100	79.8	0	0	3
152	85	6.77749526	1.22454977	373	373	373	373	0	3.73e-06	0	100	79.8	0	0	3
153	85	6.8	1.23260602	373	373	373	373	0	3.73e-06	0	100	79.8	0	0	3
154	86	6.87749578	1.24066227	373	373	373	373	0	3.73e-06	0	100	79.8	0	0	3
155	86	6.9	1.24871852	373	373	373	373	0	3.73e-06	0	100	79.8	0	0	3
156	87	6.97749176	1.25677476	373	373	373	373	0	3.73e-06	0	100	79.8	0	0	3
157	87	7	1.26483101	373	373	373	373	0	3.73e-06	0	100	79.8	0	0	3
158	88	7.07749022	1.27288726	373	373	373	373	0	3.73e-06	0	100	79.8	0	0	3
159	88	7.1	1.28094351	373	373	373	373	0	3.73e-06	0	100	79.8	0	0	3
160	89	7.17749531	1.28899976	373	373	373	373	0	3.73e-06	0	100	79.8	0	0	3
161	89	7.2	1.29705601	373	373	373	373	0	3.73e-06	0	100	79.8	0	0	3
162	89	7.27749155	1.30511226	373	373	373	373	0	3.73e-06	0	100	79.8	0	0	3
163	90	7.3	1.3131685	373	373	373	373	0	3.73e-06	0	100	79.8	0	0	3
164	90	7.37748864	1.32122475	373	373	373	373	0	3.73e-06	0	100	79.8	0	0	3
165	91	7.4	1.329281	373	373	373	373	0	3.73e-06	0	100	79.8	0	0	3
166	91	7.47750452	1.33733725	373	373	373	373	0	3.73e-06	0	100	79.8	0	0	3
167	91	7.5	1.3453935	373	373	373	373	0	3.73e-06	0	100	79.8	0	0	3
168	92	7.57748739	1.35344975	373	373	373	373	0	3.73e-06	0	100	79.8	0	0	3
169	92	7.6	1.361506	373	373	373	373	0	3.73e-06	0	100	79.8	0	0	3
170	93	7.67749092	1.36956224	373	373	373	373	0	3.73e-06	0	100	79.8	0	0	3
171	93	7.7	1.37761849	373	373	373	373	0	3.73e-06	0	100	79.8	0	0	3
172	94	7.77749825	1.38567474	373	373	373	373	0	3.73e-06	0	100	79.8	0	0	3
173	94	7.8	1.39373099	373	373	373	373	0	3.73e-06	0	100	79.8	0	0	3
174	94	7.87749622	1.40178724	373	373	373	373	0	3.73e-06	0	100	79.8	0	0	3
175	95	7.9	1.40984349	373	373	373	373	0	3.73e-06	0	100	79.8	0	0	3
176	95	7.97748616	1.41789973	373	373	373	373	0	3.73e-06	0	100	79.8	0	0	3
177	95	8	1.42595598	373	373	373	373	0	3.73e-06	0	100	79.8	0	0	3
178	96	8.0775016	1.43401223	373	373	373	373	0	3.73e-06	0	100	79.8	0	0	3
179	96	8.1	1.44206848	373	373	373	373	0	3.73e-06	0	100	79.8	0	0	3
180	97	8.17748986	1.45012473	373	373	373	373	0	3.73e-06	0	100	79.8	0	0	3
181	97	8.2	1.45818098	373	373	373	373	0	3.73e-06	0	100	79.8	0	0	3
182	98	8.27748944	1.46623723	373	373	373	373	0	3.73e-06	0	100	79.8	0	0	3
183	98	8.3	1.47429347	373	373	373	373	0	3.73e-06	0	100	79.8	0	0	3
184	98	8.37750571	1.48234972	373	373	373	373	0	3.73e-06	0	100	79.8	0	0	3
185	99	8.4	1.49040597	373	373	373	373	0	3.73e-06	0	100	79.8	0	0	3
186	99	8.47748317	1.49846222	373	373	373	373	0	3.73e-06	0	100	79.8	0	0	3
187	100	8.5	1.50651847	373	373	373	373	0	3.73e-06	0	100	79.8	0	0	3
188	100	8.57749522	1.51457472	373	373	373	373	0	3.73e-06	0	100	79.8	0	0	3
189	100	8.6	1.52263097	373	373	373	373	0	3.73e-06	0	100	79.8	0	0	3
190	101	8.67749776	1.53068721	373	373	373	373	0	3.73e-06	0	100	79.8	0	0	3
191	101	8.7	1.53874346	373	373	373	373	0	3.73e-06	0	100	79.8	0	0	3
192	102	8.7774983	1.54679971	373	373	373	373	0	3.73e-06	0	100	79.8	0	0	3
193	102	8.8	1.55485596	373	373	373	373	0	3.73e-06	0	100	79.8	0	0	3
194	102	8.87748276	1.56291221	373	373	373	373	0	3.73e-06	0	100	79.8	0	0	3
195	103	8.9	1.57096846	373	373	373	373	0	3.73e-06	0	100	79.8	0	0	3
196	103	8.97750325	1.5790247	373	373	373	373	0	3.73e-06	0	100	79.8	0	0	3
197	104	9	1.58708095	373	373	373	373	0	3.73e-06	0	100	79.8	0	0	3
198	104	9.07748801	1.5951372	373	373	373	373	0	3.73e-06	0	100	79.8	0	0	3
199	104	9.1	1.60319345	373	373	373	373	0	3.73e-06	0	100	79.8	0	0	3
200	105	9.17749858	1.6112497	373	373	373	373	0	3.73e-06	0	100	79.8	0	0	3
201	105	9.2	1.61930595	373	373	373	373	0	3.73e-06	0	100	79.8	0	0	3
202	106	9.27749213	1.6273622	373	373	373	373	0	3.73e-06	0	100	79.8	0	0	3
203	106	9.3	1.63541844	373	373	373	373	0	3.73e-06	0	100	79.8	0	0	3
204	107	9.37749497	1.64347469	373	373	373	373	0	3.73e-06	0	100	79.8	0	0	3
205	107	9.4	1.65153094	373	373	373	373	0	3.73e-06	0	100	79.8	0	0	3
206	107	9.47748786	1.65958719	373	373	373	373	0	3.73e-06	0	100	79.8	0	0	3
207	108	9.5	1.66764344	373	373	373	373	0	3.73e-06	0	100	79.8	0	0	3
208	108	9.57750281	1.67569969	373	373	373	373	0	3.73e-06	0	100	79.8	0	0	3
209	109	9.6	1.68375594	373	373	373	373	0	3.73e-06	0	100	79.8	0	0	3
210	109	9.67748495	1.69181218	373	373	373	373	0	3.73e-06	0	100	79.8	0	0	3
211	110	9.7	1.69986843	373	373	373	373	0	3.73e-06	0	100	79.8	0	0	3
212	110	9.77749426	1.70792468	373	373	373	373	0	3.73e-06	0	100	79.8	0	0	3
213	110	9.8	1.71598093	373	373	373	373	0	3.73e-06	0	100	79.8	0	0	3
214	111	9.87749533	1.72403718	373	373	373	373	0	3.73e-06	0	100	79.8	0	0	3
215	111	9.9	1.73209343	373	373	373	373	0	3.73e-06	0	100	79.8	0	0	3
216	112	9.97749647	1.74014967	373	373	373	373	0	3.73e-06	0	100	79.8	0	0	3
217	112	10	1.74820592	373	373	373	373	0	3.73e-06	0	100	79.8	0	0	3
