Iteration	CPUTime	PhysTime	Travels	Value	AvValue	MinValue	MaxValue	Delta	Criteria	Progress	dGMaxMin	CriteriaType	CriteriaVarType	CriteriaPercentage
1	1	0.0087122225	0.00805624849	71.5791535	71.5791535	71.5791535	71.5791535	0	0	0	0	0	0	0	3
2	1	0.0131440272	0.016112497	80.0430252	74.4329384	71.5791535	80.0430252	2.85378488	0	0	0	0	0	0	3
3	2	0.0172733156	0.0241687455	70.4432998	73.4791917	70.4432998	80.0430252	2.85378488	0	0	0	0	0	0	3
4	2	0.0214501349	0.032224994	61.7140077	71.1882481	61.7140077	80.0430252	3.24469025	0	0	0	0	0	0	3
5	2	0.0258797364	0.0402812425	53.9958424	68.2455788	53.9958424	80.0430252	6.1873596	0	0	0	0	0	0	3
6	2	0.0336127001	0.048337491	44.8537576	62.8640384	44.8537576	80.0430252	11.5689	0	0	0	0	0	0	3
7	3	0.0427936561	0.0563937395	37.137481	57.3446597	37.137481	80.0430252	17.0882787	0	0	0	0	0	0	3
8	3	0.0525812296	0.0644499879	31.6384432	52.559654	31.6384432	80.0430252	21.8732844	0	0	0	0	0	0	3
9	3	0.0625484757	0.0725062364	27.9082289	48.6313917	27.9082289	80.0430252	25.8015467	0	0	0	0	0	0	3
10	6	0.0726406876	0.0805624849	25.4304464	45.4080074	25.4304464	80.0430252	29.024931	0	0	0	0	0	0	3
11	6	0.0879050577	0.0886187334	23.1066177	41.5354581	23.1066177	80.0430252	32.8974803	0	0	0	0	0	0	3
12	6	0.1	0.0966749819	21.7004228	39.136422	21.7004228	80.0430252	35.2965164	0	0	0	0	0	0	3
13	7	0.115545437	0.10473123	20.3920832	36.6145661	20.3920832	80.0430252	37.8183723	0	0	0	0	0	0	3
14	7	0.131222678	0.112787479	19.3243342	34.5488932	19.3243342	80.0430252	39.8840452	0	0	0	0	0	0	3
15	7	0.147025424	0.120843727	18.4261425	32.8159702	18.4261425	80.0430252	41.6169682	0	0	0	0	0	0	3
16	7	0.170893682	0.128899976	17.3123816	30.650626	17.3123816	80.0430252	43.7823124	0	0	0	0	0	0	3
17	8	0.194977618	0.136956224	16.3948131	28.889726	16.3948131	80.0430252	45.5432124	0	0	0	0	0	0	3
18	8	0.2	0.145012473	16.2548911	28.5724412	16.2548911	80.0430252	45.8604972	0	0	0	0	0	0	3
19	8	0.224328918	0.153068721	15.4758314	27.1520878	15.4758314	80.0430252	47.2808506	0	0	0	0	0	0	3
20	9	0.248819412	0.16112497	14.833209	25.9395802	14.833209	80.0430252	48.4933582	0	0	0	0	0	0	3
21	9	0.285756534	0.169181218	14.03466	24.4007405	14.03466	80.0430252	50.0321979	0	0	0	0	0	0	3
22	13	0.3	0.177237467	13.8071564	23.897776	13.8071564	80.0430252	50.5351624	0	0	0	0	0	0	3
23	14	0.337109892	0.185293715	13.1721784	22.7170756	13.1721784	80.0430252	51.7158628	0	0	0	0	0	0	3
24	14	0.374369451	0.193349964	12.6505931	21.7151972	12.6505931	80.0430252	52.7177412	0	0	0	0	0	0	3
25	14	0.4	0.201406212	12.3413154	21.1145528	12.3413154	80.0430252	53.3183856	0	0	0	0	0	0	3
26	15	0.456508313	0.209462461	11.7427965	19.9544816	11.7427965	80.0430252	54.4784568	0	0	0	0	0	0	3
27	15	0.5	0.217518709	11.3610965	19.207	11.3610965	80.0430252	55.2259384	0	0	0	0	0	0	3
28	15	0.557141015	0.225574958	10.9290389	18.3580029	10.9290389	80.0430252	56.0749355	0	0	0	0	0	0	3
29	16	0.6	0.233631206	10.6493685	17.8073625	10.6493685	80.0430252	56.6255759	0	0	0	0	0	0	3
30	16	0.657547478	0.241687455	10.3155279	17.1516894	10.3155279	80.0430252	57.281249	0	0	0	0	0	0	3
31	16	0.7	0.249743703	10.1000003	16.7240294	10.1000003	80.0430252	57.708909	0	0	0	0	0	0	3
32	17	0.776167603	0.257799952	9.75988378	16.0406174	9.75988378	80.0430252	58.392321	0	0	0	0	0	0	3
33	17	0.8	0.2658562	9.67233279	15.850903	9.67233279	80.0430252	58.5820354	0	0	0	0	0	0	3
34	17	0.876439417	0.273912449	9.38910192	15.2873315	9.38910192	80.0430252	59.1456069	0	0	0	0	0	0	3
35	18	0.9	0.281968697	9.31703529	15.1310385	9.31703529	80.0430252	59.3018999	0	0	0	0	0	0	3
36	18	0.976653836	0.290024946	9.08036347	14.6561441	9.08036347	80.0430252	59.7767943	0	0	0	0	0	0	3
37	18	1	0.298081194	9.02047745	14.5245729	9.02047745	80.0430252	59.9083655	0	0	0	0	0	0	3
38	23	1.07682422	0.306137443	8.82030231	14.1176113	8.82030231	80.0430252	60.3153271	0	0	0	0	0	0	3
39	23	1.1	0.314193691	8.76966432	14.004936	8.76966432	80.0430252	60.4280024	0	0	0	0	0	0	3
40	24	1.17693841	0.32224994	8.59811327	13.651483	8.59811327	80.0430252	60.7814554	0	0	0	0	0	0	3
41	24	1.2	0.330306188	8.55484459	13.5535359	8.55484459	80.0430252	60.8794025	0	0	0	0	0	0	3
42	24	1.27705065	0.338362437	8.40639822	13.2429841	8.40639822	80.0430252	61.1899543	0	0	0	0	0	0	3
43	25	1.3	0.346418685	8.36879167	13.1569383	8.36879167	80.0430252	61.2760001	0	0	0	0	0	0	3
44	25	1.37711914	0.354474934	8.23915193	12.8815406	8.23915193	80.0430252	61.5513978	0	0	0	0	0	0	3
45	25	1.4	0.362531182	8.20628373	12.8051307	8.20628373	80.0430252	61.6278077	0	0	0	0	0	0	3
46	26	1.47719803	0.370587431	8.09217157	12.5588325	8.09217157	80.0430252	61.8741059	0	0	0	0	0	0	3
47	26	1.5	0.378643679	8.06313299	12.490492	8.06313299	80.0430252	61.9424464	0	0	0	0	0	0	3
48	27	1.57722951	0.386699928	7.96270216	12.2687874	7.96270216	80.0430252	62.164151	0	0	0	0	0	0	3
49	35	1.6	0.394756176	7.93707988	12.2071405	7.93707988	80.0430252	62.2257979	0	0	0	0	0	0	3
50	36	1.67728887	0.402812425	7.84775221	12.0062614	7.84775221	80.0430252	62.426677	0	0	0	0	0	0	3
51	36	1.7	0.410868673	7.82453887	11.9503958	7.82453887	80.0430252	62.4825426	0	0	0	0	0	0	3
52	36	1.77732394	0.418924922	7.74476981	11.7674265	7.74476981	80.0430252	62.6655118	0	0	0	0	0	0	3
53	37	1.8	0.42698117	7.72400924	11.7164883	7.72400924	80.0430252	62.7164501	0	0	0	0	0	0	3
54	37	1.87734631	0.435037419	7.65245243	11.5490508	7.65245243	80.0430252	62.8838876	0	0	0	0	0	0	3
55	37	1.9	0.443093667	7.63368956	11.502368	7.63368956	80.0430252	62.9305704	0	0	0	0	0	0	3
56	38	1.97736612	0.451149916	7.5693179	11.3484841	7.5693179	80.0430252	63.0844543	0	0	0	0	0	0	3
57	38	2	0.459206164	7.55236337	11.3055236	7.55236337	80.0430252	63.1274148	0	0	0	0	0	0	3
58	39	2.0774051	0.467262413	7.49435842	11.1635178	7.49435842	80.0430252	63.2694206	0	0	0	0	0	0	3
59	39	2.1	0.475318661	7.47906814	11.1238751	7.47906814	80.0430252	63.3090633	0	0	0	0	0	0	3
60	39	2.17740461	0.48337491	7.4264202	10.9924341	7.4264202	80.0430252	63.4405043	0	0	0	0	0	0	3
61	40	2.2	0.491431158	7.41244743	10.9556654	7.41244743	80.0430252	63.477273	0	0	0	0	0	0	3
62	40	2.27742162	0.499487407	7.36467001	10.8335885	7.36467001	80.0430252	63.5993499	0	0	0	0	0	0	3
63	41	2.3	0.507543655	7.35186236	10.7994094	7.35186236	80.0430252	63.6335289	0	0	0	0	0	0	3
64	41	2.3774354	0.515599904	7.30839681	10.4617361	7.30839681	80.0430252	63.9712023	0	0	0	0	0	0	3
65	42	2.4	0.523656152	7.29669115	10.3026194	7.29669115	70.4432998	63.1466086	0	0	0	0	0	0	3
66	42	2.47744666	0.531712401	7.25692032	10.1057969	7.25692032	61.7140077	54.4570874	0	0	0	0	0	0	3
67	42	2.5	0.539768649	7.24609644	9.99280588	7.24609644	53.9958424	46.7497459	0	0	0	0	0	0	3
68	43	2.57744708	0.547824898	7.2097063	9.8319405	7.2097063	44.8537576	37.6440513	0	0	0	0	0	0	3
69	43	2.6	0.555881146	7.19987446	9.70328369	7.19987446	37.137481	29.9376065	0	0	0	0	0	0	3
70	44	2.67746954	0.563937395	7.1665266	9.53309441	7.1665266	31.6384432	24.4719166	0	0	0	0	0	0	3
71	44	2.7	0.571993643	7.15742093	9.43115258	7.15742093	27.9082289	20.750808	0	0	0	0	0	0	3
72	44	2.77746013	0.580049891	7.12675783	9.29757022	7.12675783	25.4304464	18.3036886	0	0	0	0	0	0	3
73	45	2.8	0.58810614	7.11840823	9.2198634	7.11840823	23.1066177	15.9882094	0	0	0	0	0	0	3
74	45	2.877467	0.596162388	7.09034022	9.08473812	7.09034022	21.7004228	14.6100826	0	0	0	0	0	0	3
75	46	2.9	0.604218637	7.08251028	9.0141302	7.08251028	20.3920832	13.3095729	0	0	0	0	0	0	3
76	46	2.97747606	0.612274885	7.05668324	8.89933688	7.05668324	19.3243342	12.267651	0	0	0	0	0	0	3
77	46	3	0.620331134	7.04950857	8.82784279	7.04950857	18.4261425	11.376634	0	0	0	0	0	0	3
78	47	3.07748043	0.628387382	7.0256552	8.72843373	7.0256552	17.3123816	10.2867264	0	0	0	0	0	0	3
79	47	3.1	0.636443631	7.01881001	8.64534222	7.01881001	16.3948131	9.37600312	0	0	0	0	0	0	3
80	48	3.17747576	0.644499879	6.99676841	8.53993989	6.99676841	16.2548911	9.25812267	0	0	0	0	0	0	3
81	48	3.2	0.652556128	6.99041218	8.5153901	6.99041218	15.4758314	8.48541924	0	0	0	0	0	0	3
82	48	3.27749012	0.660612376	6.97010981	8.42070661	6.97010981	14.833209	7.8630992	0	0	0	0	0	0	3
83	49	3.3	0.668668625	6.96419036	8.3584909	6.96419036	14.03466	7.07046968	0	0	0	0	0	0	3
84	49	3.37748157	0.676724873	6.94527567	8.25526067	6.94527567	13.8071564	6.8618807	0	0	0	0	0	0	3
85	50	3.4	0.684781122	6.93975605	8.22019572	6.93975605	13.1721784	6.23242234	0	0	0	0	0	0	3
86	50	3.47748614	0.69283737	6.92223598	8.12965198	6.92223598	12.6505931	5.72835713	0	0	0	0	0	0	3
87	50	3.5	0.700893619	6.91703107	8.06702492	6.91703107	12.3413154	5.42428435	0	0	0	0	0	0	3
88	51	3.57749149	0.708949867	6.90081923	8.00410628	6.90081923	11.7427965	4.84197724	0	0	0	0	0	0	3
89	51	3.6	0.717006116	6.89586134	7.92896308	6.89586134	11.3610965	4.46523513	0	0	0	0	0	0	3
90	52	3.67748914	0.725062364	6.88081583	7.8564249	6.88081583	10.9290389	4.0482231	0	0	0	0	0	0	3
91	52	3.7	0.733118613	6.87612929	7.79353961	6.87612929	10.6493685	3.77323916	0	0	0	0	0	0	3
92	52	3.77748409	0.741174861	6.86206911	7.73230498	6.86206911	10.3155279	3.45345877	0	0	0	0	0	0	3
93	53	3.8	0.74923111	6.85759382	7.67873126	6.85759382	10.1000003	3.24240649	0	0	0	0	0	0	3
94	53	3.87750098	0.757287358	6.84451938	7.62603538	6.84451938	9.75988378	2.9153644	0	0	0	0	0	0	3
95	54	3.9	0.765343607	6.84020931	7.56834648	6.84020931	9.67233279	2.83212348	0	0	0	0	0	0	3
96	54	3.97748156	0.773399855	6.82803206	7.53451348	6.82803206	9.38910192	2.56106986	0	0	0	0	0	0	3
97	54	4	0.781456104	6.82390811	7.48400529	6.82390811	9.31703529	2.49312719	0	0	0	0	0	0	3
98	55	4.07748909	0.789512352	6.81256437	7.4540393	6.81256437	9.08036347	2.2677991	0	0	0	0	0	0	3
99	55	4.1	0.797568601	6.80851927	7.40947324	6.80851927	9.02047745	2.21195818	0	0	0	0	0	0	3
100	56	4.1774963	0.805624849	6.79787238	7.38272024	6.79787238	8.82030231	2.02242993	0	0	0	0	0	0	3
101	56	4.2	0.813681098	6.79399552	7.34311645	6.79399552	8.76966432	1.9756688	0	0	0	0	0	0	3
102	57	4.27749219	0.821737346	6.78386947	7.31907276	6.78386947	8.59811327	1.8142438	0	0	0	0	0	0	3
103	57	4.3	0.829793595	6.78010829	7.28367856	6.78010829	8.55484459	1.7747363	0	0	0	0	0	0	3
104	58	4.37748804	0.837849843	6.77036936	7.26193483	6.77036936	8.40639822	1.63602886	0	0	0	0	0	0	3
105	58	4.4	0.845906092	6.76667716	7.23012808	6.76667716	8.36879167	1.60211451	0	0	0	0	0	0	3
106	59	4.47750067	0.85396234	6.75753743	7.21037744	6.75753743	8.23915193	1.4816145	0	0	0	0	0	0	3
107	59	4.5	0.862018589	6.75396413	7.18168368	6.75396413	8.20628373	1.4523196	0	0	0	0	0	0	3
108	60	4.57748607	0.870074837	6.74533835	7.1636649	6.74533835	8.09217157	1.34683321	0	0	0	0	0	0	3
109	60	4.6	0.878131086	6.74185812	7.13767049	6.74185812	8.06313299	1.32127486	0	0	0	0	0	0	3
110	61	4.67749163	0.886187334	6.73380997	7.12118006	6.73380997	7.96270216	1.22889219	0	0	0	0	0	0	3
111	61	4.7	0.894243583	6.7303204	7.09755106	6.7303204	7.93707988	1.20675948	0	0	0	0	0	0	3
112	61	4.7774964	0.902299831	6.72282487	7.0823956	6.72282487	7.84775221	1.12492734	0	0	0	0	0	0	3
113	62	4.8	0.91035608	6.71945015	7.06083705	6.71945015	7.82453887	1.10508872	0	0	0	0	0	0	3
114	62	4.87749236	0.918412328	6.71222127	7.04687649	6.71222127	7.74476981	1.03254854	0	0	0	0	0	0	3
115	62	4.9	0.926468577	6.70877131	7.0271582	6.70877131	7.72400924	1.01523793	0	0	0	0	0	0	3
116	63	4.97748966	0.934524825	6.7019568	7.01425444	6.7019568	7.65245243	0.950495632	0	0	0	0	0	0	3
117	63	5	0.942581074	6.69858281	6.99617106	6.69858281	7.63368956	0.935106753	0	0	0	0	0	0	3
118	64	5.07750167	0.950637322	6.69209884	6.98420938	6.69209884	7.5693179	0.877219063	0	0	0	0	0	0	3
119	64	5.1	0.958693571	6.68875384	6.96758404	6.68875384	7.55236337	0.863609531	0	0	0	0	0	0	3
120	65	5.17748765	0.966749819	6.68243117	6.95646468	6.68243117	7.49435842	0.811927249	0	0	0	0	0	0	3
121	65	5.2	0.974806068	6.67919134	6.94113198	6.67919134	7.47906814	0.799876798	0	0	0	0	0	0	3
122	65	5.27749229	0.982862316	6.67310731	6.93077021	6.67310731	7.4264202	0.753312887	0	0	0	0	0	0	3
123	66	5.3	0.990918565	6.66982047	6.91660283	6.66982047	7.41244743	0.742626959	0	0	0	0	0	0	3
124	66	5.37749542	0.998974813	6.66400869	6.90691637	6.66400869	7.36467001	0.700661312	0	0	0	0	0	0	3
125	67	5.4	1.00703106	6.66078897	6.89379291	6.66078897	7.35186236	0.691073384	1.91347532	0	0	0	0	0	3
126	67	5.47749279	1.01508731	6.65535097	6.88472287	6.65535097	7.30839681	0.653045844	1.91363846	0	0	0	0	0	3
127	67	5.5	1.02314356	6.65214733	6.87253994	6.65214733	7.29669115	0.644543826	1.91368652	0	0	0	0	0	3
128	68	5.577489	1.03119981	6.64708709	6.86402979	6.64708709	7.25692032	0.609833228	1.91347532	0	0	0	0	0	3
129	68	5.6	1.03925606	6.64390989	6.8526983	6.64390989	7.24609644	0.602186555	1.91347532	0	0	0	0	0	3
130	69	5.67750147	1.0473123	6.63900341	6.84469386	6.63900341	7.2097063	0.570702889	1.91347532	0	0	0	0	0	3
131	69	5.7	1.05536855	6.63591632	6.83413637	6.63591632	7.19987446	0.563958145	1.91347532	0	0	0	0	0	3
132	70	5.77748694	1.0634248	6.63124234	6.82659264	6.63124234	7.1665266	0.535284255	1.91347532	0	0	0	0	0	3
133	70	5.8	1.07148105	6.62822435	6.81672871	6.62822435	7.15742093	0.529196581	1.91347532	0	0	0	0	0	3
134	70	5.87749241	1.0795373	6.62361416	6.80960333	6.62361416	7.12675783	0.503143672	1.91347532	0	0	0	0	0	3
135	71	5.9	1.08759355	6.6206167	6.80037351	6.6206167	7.11840823	0.497791538	1.91347532	0	0	0	0	0	3
136	71	5.97749838	1.0956498	6.61628182	6.79362756	6.61628182	7.09034022	0.474058392	1.91347532	0	0	0	0	0	3
137	71	6	1.10370604	6.61332631	6.78496712	6.61332631	7.08251028	0.469183975	1.91347532	0	0	0	0	0	3
138	72	6.07749209	1.11176229	6.60923135	6.77857129	6.60923135	7.05668324	0.447451883	1.91347532	0	0	0	0	0	3
139	72	6.1	1.11981854	6.6063418	6.77042931	6.6063418	7.04950857	0.443166774	1.91347532	0	0	0	0	0	3
140	73	6.17748499	1.12787479	6.60256959	6.76435766	6.60256959	7.0256552	0.42308561	1.91347532	0	0	0	0	0	3
141	73	6.2	1.13593104	6.5996771	6.75668654	6.5996771	7.01881001	0.419132905	1.91347532	0	0	0	0	0	3
142	74	6.2775029	1.14398729	6.59605932	6.75091094	6.59605932	6.99676841	0.40070909	1.91347532	0	0	0	0	0	3
143	74	6.3	1.15204353	6.59323295	6.74367471	6.59323295	6.99041218	0.39717923	1.91347532	0	0	0	0	0	3
144	74	6.37749091	1.16009978	6.58976525	6.73817221	6.58976525	6.97010981	0.380344566	1.91347532	0	0	0	0	0	3
145	75	6.4	1.16815603	6.58706744	6.73132704	6.58706744	6.96419036	0.377122918	1.91347532	0	0	0	0	0	3
146	75	6.47748758	1.17621228	6.58388248	6.72608175	6.58388248	6.94527567	0.361393196	1.91347532	0	0	0	0	0	3
147	76	6.5	1.18426853	6.58118454	6.71959805	6.58118454	6.93975605	0.358571509	1.91347532	0	0	0	0	0	3
148	76	6.57750404	1.19232478	6.5782107	6.71458918	6.5782107	6.92223598	0.344025278	1.91347532	0	0	0	0	0	3
149	76	6.6	1.20038103	6.57558752	6.70843493	6.57558752	6.91703107	0.34144355	1.91347532	0	0	0	0	0	3
150	77	6.67748364	1.20843727	6.57273809	6.70364794	6.57273809	6.90081923	0.328081141	1.91347532	0	0	0	0	0	3
151	77	6.7	1.21649352	6.57017973	6.69779229	6.57017973	6.89586134	0.325681612	1.91347532	0	0	0	0	0	3
152	85	6.77749526	1.22454977	6.56741908	6.69320958	6.56741908	6.88081583	0.313396743	1.91347532	0	0	0	0	0	3
153	85	6.8	1.23260602	6.56489889	6.68762912	6.56489889	6.87612929	0.311230402	1.91347532	0	0	0	0	0	3
154	86	6.87749578	1.24066227	6.56258152	6.68324391	6.56258152	6.86206911	0.29948759	1.91347532	0	0	0	0	0	3
155	86	6.9	1.24871852	6.56003904	6.67791849	6.56003904	6.85759382	0.297554771	1.91347532	0	0	0	0	0	3
156	87	6.97749176	1.25677476	6.55771852	6.67371389	6.55771852	6.84451938	0.286800863	1.91347532	0	0	0	0	0	3
157	87	7	1.26483101	6.55535144	6.66862126	6.55535144	6.84020931	0.28485787	1.91347532	0	0	0	0	0	3
158	88	7.07749022	1.27288726	6.5532374	6.6645924	6.5532374	6.82803206	0.274794659	1.91347532	0	0	0	0	0	3
159	88	7.1	1.28094351	6.55088447	6.65971714	6.55088447	6.82390811	0.273023636	1.91347532	0	0	0	0	0	3
160	89	7.17749531	1.28899976	6.54892251	6.65585139	6.54892251	6.81256437	0.263641853	1.91347532	0	0	0	0	0	3
161	89	7.2	1.29705601	6.54664644	6.65117529	6.54664644	6.80851927	0.261872833	1.91347532	0	0	0	0	0	3
162	89	7.27749155	1.30511226	6.5448891	6.64746852	6.5448891	6.79787238	0.252983278	1.91347532	0	0	0	0	0	3
163	90	7.3	1.3131685	6.5426364	6.64298002	6.5426364	6.79399552	0.251359115	1.91347532	0	0	0	0	0	3
164	90	7.37748864	1.32122475	6.5409377	6.63942201	6.5409377	6.78386947	0.242931767	1.91347532	0	0	0	0	0	3
165	91	7.4	1.329281	6.53872604	6.63511126	6.53872604	6.78010829	0.241382248	1.91347532	0	0	0	0	0	3
166	91	7.47750452	1.33733725	6.53741538	6.63170122	6.53741538	6.77036936	0.232953979	1.91347532	0	0	0	0	0	3
167	91	7.5	1.3453935	6.53522033	6.62756496	6.53522033	6.76667716	0.231456822	1.91347532	0	0	0	0	0	3
168	92	7.57748739	1.35344975	6.53393882	6.62429617	6.53393882	6.75753743	0.223598609	1.91347532	0	0	0	0	0	3
169	92	7.6	1.361506	6.5317918	6.62032218	6.5317918	6.75396413	0.222172325	1.91347532	0	0	0	0	0	3
170	93	7.67749092	1.36956224	6.53063891	6.61718873	6.53063891	6.74533835	0.214699449	1.91347532	0	0	0	0	0	3
171	93	7.7	1.37761849	6.52857678	6.61336989	6.52857678	6.74185812	0.213281341	1.91347532	0	0	0	0	0	3
172	94	7.77749825	1.38567474	6.52751638	6.61036555	6.52751638	6.73380997	0.206293596	1.91347532	0	0	0	0	0	3
173	94	7.8	1.39373099	6.52544576	6.60669006	6.52544576	6.7303204	0.204874636	1.91347532	0	0	0	0	0	3
174	94	7.87749622	1.40178724	6.52451447	6.60381012	6.52451447	6.72282487	0.198310401	1.91347532	0	0	0	0	0	3
175	95	7.9	1.40984349	6.52257586	6.60027088	6.52257586	6.71945015	0.196874287	1.91347532	0	0	0	0	0	3
176	95	7.97748616	1.41789973	6.52158596	6.59750801	6.52158596	6.71222127	0.190635305	1.91347532	0	0	0	0	0	3
177	95	8	1.42595598	6.51958515	6.5940993	6.51958515	6.70877131	0.189186159	1.91347532	0	0	0	0	0	3
178	96	8.0775016	1.43401223	6.51894103	6.59145386	6.51894103	6.7019568	0.183015773	1.91347532	0	0	0	0	0	3
179	96	8.1	1.44206848	6.51706364	6.58817557	6.51706364	6.69858281	0.181519163	1.91347532	0	0	0	0	0	3
180	97	8.17748986	1.45012473	6.51637906	6.5856425	6.51637906	6.69209884	0.17571978	1.91347532	0	0	0	0	0	3
181	97	8.2	1.45818098	6.51448155	6.58248721	6.51448155	6.68875384	0.174272288	1.91347532	0	0	0	0	0	3
182	98	8.27748944	1.46623723	6.51410877	6.58006724	6.51410877	6.68243117	0.168322403	1.91347532	0	0	0	0	0	3
183	98	8.3	1.47429347	6.51220222	6.57703775	6.51220222	6.67919134	0.166989121	1.91347532	0	0	0	0	0	3
184	98	8.37750571	1.48234972	6.51173301	6.57472109	6.51173301	6.67310731	0.161374302	1.91347532	0	0	0	0	0	3
185	99	8.4	1.49040597	6.50992879	6.57181265	6.50992879	6.66982047	0.159891684	1.91347532	0	0	0	0	0	3
186	99	8.47748317	1.49846222	6.50965794	6.56960276	6.50965794	6.66400869	0.154350758	1.91347532	0	0	0	0	0	3
187	100	8.5	1.50651847	6.5078601	6.56681452	6.5078601	6.66078897	0.152928874	1.91347532	0	0	0	0	0	3
188	100	8.57749522	1.51457472	6.50766904	6.56470647	6.50766904	6.65535097	0.147681922	1.91347532	0	0	0	0	0	3
189	100	8.6	1.52263097	6.50591796	6.56203319	6.50591796	6.65214733	0.146229363	1.91347532	0	0	0	0	0	3
190	101	8.67749776	1.53068721	6.50587759	6.56002527	6.50587759	6.64708709	0.141209496	1.91347532	0	0	0	0	0	3
191	101	8.7	1.53874346	6.50412714	6.5574619	6.50412714	6.64390989	0.139782745	1.91347532	0	0	0	0	0	3
192	102	8.7774983	1.54679971	6.50405197	6.55554681	6.50405197	6.63900341	0.134951441	1.91347532	0	0	0	0	0	3
193	102	8.8	1.55485596	6.50237171	6.55309219	6.50237171	6.63591632	0.133544607	1.91347532	0	0	0	0	0	3
194	102	8.87748276	1.56291221	6.50254189	6.55127308	6.50237171	6.63124234	0.12887063	1.91347532	0	0	0	0	0	3
195	103	8.9	1.57096846	6.5008435	6.54892493	6.5008435	6.62822435	0.127380851	1.91347532	0	0	0	0	0	3
196	103	8.97750325	1.5790247	6.50103397	6.54719496	6.5008435	6.62361416	0.122770654	1.91347532	0	0	0	0	0	3
197	104	9	1.58708095	6.49934518	6.5449537	6.49934518	6.6206167	0.121271514	1.91347532	0	0	0	0	0	3
198	104	9.07748801	1.5951372	6.49974267	6.5433152	6.49934518	6.61628182	0.116936642	1.91347532	0	0	0	0	0	3
199	104	9.1	1.60319345	6.49811733	6.54117836	6.49811733	6.61332631	0.115208971	1.91347532	0	0	0	0	0	3
200	105	9.17749858	1.6112497	6.49848889	6.53962625	6.49811733	6.60923135	0.111114019	1.91347532	0	0	0	0	0	3
201	105	9.2	1.61930595	6.49680491	6.53759027	6.49680491	6.6063418	0.109536885	1.91347532	0	0	0	0	0	3
202	106	9.27749213	1.6273622	6.49737823	6.53612258	6.49680491	6.60256959	0.105764679	1.91347532	0	0	0	0	0	3
203	106	9.3	1.63541844	6.49572226	6.53418248	6.49572226	6.5996771	0.103954845	1.91347532	0	0	0	0	0	3
204	107	9.37749497	1.64347469	6.49620673	6.53279222	6.49572226	6.59605932	0.100337058	1.91347532	0	0	0	0	0	3
205	107	9.4	1.65153094	6.49462672	6.53094681	6.49462672	6.59323295	0.0986062262	1.91347532	0	0	0	0	0	3
206	107	9.47748786	1.65958719	6.49529165	6.52963631	6.49462672	6.58976525	0.0951385246	1.91347532	0	0	0	0	0	3
207	108	9.5	1.66764344	6.49372563	6.5278852	6.49372563	6.58706744	0.093341812	1.91347532	0	0	0	0	0	3
208	108	9.57750281	1.67569969	6.49428403	6.52664638	6.49372563	6.58388248	0.0901568461	1.91347532	0	0	0	0	0	3
209	109	9.6	1.68375594	6.49278468	6.52498206	6.49278468	6.58118454	0.0883998551	1.91347532	0	0	0	0	0	3
210	109	9.67748495	1.69181218	6.49363301	6.5238194	6.49278468	6.5782107	0.0854260161	1.91347532	0	0	0	0	0	3
211	110	9.7	1.69986843	6.49208891	6.52224055	6.49208891	6.57558752	0.0834986127	1.91347532	0	0	0	0	0	3
212	110	9.77749426	1.70792468	6.4930119	6.52115002	6.49208891	6.57273809	0.0806491759	1.91347532	0	0	0	0	0	3
213	110	9.8	1.71598093	6.49146432	6.51965593	6.49146432	6.57017973	0.0787154073	1.91347532	0	0	0	0	0	3
214	111	9.87749533	1.72403718	6.49237243	6.51863249	6.49146432	6.56741908	0.0759547609	1.91347532	0	0	0	0	0	3
215	111	9.9	1.73209343	6.49088769	6.51722173	6.49088769	6.56489889	0.0740111998	1.91347532	0	0	0	0	0	3
216	112	9.97749647	1.74014967	6.49187595	6.51626589	6.49088769	6.56258152	0.0716938318	1.91347532	0	0	0	0	0	3
217	112	10	1.74820592	6.49031926	6.51492941	6.49031926	6.56003904	0.0697197839	1.91347532	0	0	0	0	0	3
