Iteration	CPUTime	PhysTime	Travels	Value	AvValue	MinValue	MaxValue	Delta	Criteria	Progress	dGMaxMin	CriteriaType	CriteriaVarType	CriteriaPercentage
1	1	0	0.00131578947	101656.778	101656.778	101656.778	101656.778	0	0	0	0	52879.5	0	0	3
5	1	0	0.00657894737	102689.819	102173.299	101656.778	102689.819	516.520447	0	0	0	201327	0	0	3
10	1	0	0.0131578947	103900.238	102748.945	101656.778	103900.238	1092.16705	0	0	0	319683	0	0	3
15	1	0	0.0197368421	105264.784	103377.905	101656.778	105264.784	1721.12681	0	0	0	404417	0	0	3
20	1	0	0.0263157895	106751.923	104052.709	101656.778	106751.923	2395.93035	0	0	0	473822	0	0	3
25	2	0	0.0328947368	108313.73	104762.879	101656.778	108313.73	3106.10058	0	0	0	529657	0	0	3
30	2	0	0.0394736842	109949.981	105503.893	101656.778	109949.981	3847.11524	0	0	0	571374	0	0	3
35	2	0	0.0460526316	111656.412	106272.958	101656.778	111656.412	4616.18009	0	0	0	606017	0	0	3
40	2	0	0.0526315789	113401.33	107065	101656.778	113401.33	5408.22139	0	0	0	623178	0	0	3
45	2	0	0.0592105263	115157.162	107874.216	101656.778	115157.162	6217.43767	0	0	0	626036	0	0	3
50	3	0	0.0657894737	116877.096	108692.66	101656.778	116877.096	7035.88128	0	0	0	616804	0	0	3
55	3	0	0.0723684211	118509.733	109510.749	101656.778	118509.733	7853.97077	0	0	0	602598	0	0	3
60	3	0	0.0789473684	120032.951	110320.149	101656.778	120032.951	8663.37092	0	0	0	598340	0	0	3
65	3	0	0.0855263158	121449.994	111115.138	101656.778	121449.994	9458.35985	0	0	0	601161	0	0	3
70	3	0	0.0921052632	122753.416	111891.023	101656.778	122753.416	10234.2451	0	0	0	603021	0	0	3
75	3	0	0.0986842105	123947.037	112644.524	101656.778	123947.037	10987.7459	0	0	0	607050	0	0	3
80	4	0	0.105263158	125031.939	113373.196	101656.778	125031.939	11716.4174	0	0	0	611615	0	0	3
85	4	0	0.111842105	126025.41	114076.096	101656.778	126025.41	12419.3182	0	0	0	624718	0	0	3
90	4	0	0.118421053	126937.185	114752.996	101656.778	126937.185	13096.2176	0	0	0	644196	0	0	3
95	4	0	0.125	127787.062	115404.699	101656.778	127787.062	13747.9209	0	0	0	679864	0	0	3
100	4	0	0.131578947	128590.565	116032.597	101656.778	128590.565	14375.8192	0	0	0	706302	0	0	3
105	5	0	0.138157895	129371.392	116638.906	101656.778	129371.392	14982.1281	0	0	0	712520	0	0	3
110	5	0	0.144736842	130124.704	117225.245	101656.778	130124.704	15568.4671	0	0	0	729655	0	0	3
115	5	0	0.151315789	130856.392	117793.21	101656.778	130856.392	16136.4316	0	0	0	738051	0	0	3
120	5	0	0.157894737	131567.502	118344.181	101656.778	131567.502	16687.4032	0	0	0	747276	0	0	3
125	5	0	0.164473684	132251.616	118879.083	101656.778	132251.616	17222.3046	0	0	0	779425	0	0	3
130	6	0	0.171052632	132886.78	119397.886	101656.778	132886.78	17741.1082	0	0	0	794956	0	0	3
135	6	0	0.177631579	133482.46	119900.907	101656.778	133482.46	18244.1287	0	0	0	811227	0	0	3
140	6	0	0.184210526	134053.067	120388.912	101656.778	134053.067	18732.1342	0	0	0	818391	0	0	3
145	6	0	0.190789474	134607.092	120862.852	101656.778	134607.092	19206.0735	0	0	0	832305	0	0	3
150	6	0	0.197368421	135151.049	121323.761	101656.778	135151.049	19666.9831	0	0	0	847053	0	0	3
155	7	0	0.203947368	135672.321	121772.154	101656.778	135672.321	20115.3756	0	0	0	844547	0	0	3
160	7	0	0.210526316	136161.191	122208.185	101656.778	136161.191	20551.407	0	0	0	850582	0	0	3
165	7	0	0.217105263	136625.495	122632.224	101656.778	136625.495	20975.4455	0	0	0	843279	0	0	3
170	7	0	0.223684211	137075.412	123044.886	101656.778	137075.412	21388.108	0	0	0	837453	0	0	3
175	7	0	0.230263158	137513.562	123446.794	101656.778	137513.562	21790.0157	0	0	0	838079	0	0	3
180	8	0	0.236842105	137939.535	123838.49	101656.778	137939.535	22181.7114	0	0	0	832684	0	0	3
185	8	0	0.243421053	138348.949	124220.344	101656.778	138348.949	22563.5656	0	0	0	840167	0	0	3
190	8	0	0.25	138741.557	124592.683	101656.778	138741.557	22935.9044	0	0	0	858109	0	0	3
195	8	0	0.256578947	139122.95	124955.939	101656.778	139122.95	23299.1611	0	0	0	857228	0	0	3
200	9	0	0.263157895	139487.299	125310.363	101656.778	139487.299	23653.5845	0	0	0	849529	0	0	3
205	9	0	0.269736842	139840.413	125656.316	101656.778	139840.413	23999.5381	0	0	0	841212	0	0	3
210	9	0	0.276315789	140173.392	125993.923	101656.778	140173.392	24337.1445	0	0	0	827569	0	0	3
215	9	0	0.282894737	140512.03	126323.88	101656.778	140512.03	24667.1015	0	0	0	823749	0	0	3
220	9	0	0.289473684	140840.864	126646.479	101656.778	140840.864	24989.7011	0	0	0	816020	0	0	3
225	10	0	0.296052632	141155.274	126961.888	101656.778	141155.274	25305.1097	0	0	0	807701	0	0	3
230	10	0	0.302631579	141457.506	127270.305	101656.778	141457.506	25613.5271	0	0	0	825426	0	0	3
235	10	0	0.309210526	141746.613	127571.895	101656.778	141746.613	25915.1169	0	0	0	846040	0	0	3
240	10	0	0.315789474	142023.264	127866.821	101656.778	142023.264	26210.0428	0	0	0	846822	0	0	3
245	10	0	0.322368421	142285.686	128155.198	101656.778	142285.686	26498.42	0	0	0	838624	0	0	3
250	11	0	0.328947368	142542.726	128437.307	101656.778	142542.726	26780.5284	0	0	0	835423	0	0	3
255	11	0	0.335526316	142793.262	128713.383	101656.778	142793.262	27056.6045	0	0	0	827886	0	0	3
260	11	0	0.342105263	143032.145	128983.548	101656.778	143032.145	27326.7698	0	0	0	818842	0	0	3
265	11	0	0.348684211	143263.667	129247.995	101656.778	143263.667	27591.2165	0	0	0	808697	0	0	3
270	11	0	0.355263158	143485.545	129506.859	101656.778	143485.545	27850.081	0	0	0	800312	0	0	3
275	12	0	0.361842105	143700.462	129760.316	101656.778	143700.462	28103.5382	0	0	0	813975	0	0	3
280	12	0	0.368421053	143907.114	130008.506	101656.778	143907.114	28351.7277	0	0	0	833686	0	0	3
285	12	0	0.375	144105.975	130251.566	101656.778	144105.975	28594.7875	0	0	0	844277	0	0	3
290	12	0	0.381578947	144299.391	130489.664	101656.778	144299.391	28832.8862	0	0	0	842992	0	0	3
295	12	0	0.388157895	144484.974	130722.92	101656.778	144484.974	29066.1414	0	0	0	833646	0	0	3
300	12	0	0.394736842	144671.267	130951.581	101656.778	144671.267	29294.8028	0	0	0	820700	0	0	3
305	13	0	0.401315789	144852.049	131175.782	101656.778	144852.049	29519.0039	0	0	0	816159	0	0	3
310	13	0	0.407894737	145034.092	131395.755	101656.778	145034.092	29738.9771	0	0	0	809132	0	0	3
315	13	0	0.414473684	145200.497	131611.454	101656.778	145200.497	29954.6762	0	0	0	811565	0	0	3
320	13	0	0.421052632	145365.395	131823.053	101656.778	145365.395	30166.2752	0	0	0	833873	0	0	3
325	13	0	0.427631579	145524.991	132030.659	101656.778	145524.991	30373.8804	0	0	0	845245	0	0	3
330	14	0	0.434210526	145675.751	132234.317	101656.778	145675.751	30577.5385	0	0	0	840263	0	0	3
335	14	0	0.440789474	145834.488	132434.319	101656.778	145834.488	30777.541	0	0	0	832623	0	0	3
340	14	0	0.447368421	145986.971	132630.734	101656.778	145986.971	30973.9562	0	0	0	823363	0	0	3
345	14	0	0.453947368	146139.176	132823.712	101656.778	146139.176	31166.934	0	0	0	831688	0	0	3
350	15	0	0.460526316	146285.125	133013.31	101656.778	146285.125	31356.5313	0	0	0	828303	0	0	3
355	15	0	0.467105263	146431.94	133199.679	101656.778	146431.94	31542.9012	0	0	0	818985	0	0	3
360	15	0	0.473684211	146567.757	133382.804	101656.778	146567.757	31726.0255	0	0	0	826985	0	0	3
365	15	0	0.480263158	146702.539	133562.8	101656.778	146702.539	31906.022	0	0	0	841241	0	0	3
370	15	0	0.486842105	146831.799	133739.72	101656.778	146831.799	32082.942	0	0	0	843078	0	0	3
375	16	0	0.493421053	146964.775	133913.734	101656.778	146964.775	32256.9558	0	0	0	836649	0	0	3
380	16	0	0.5	147091.873	134084.879	101656.778	147091.873	32428.1005	0	0	0	833455	0	0	3
385	16	0	0.506578947	147213.312	134676.522	102689.819	147213.312	32503.2233	0	0	0	842587	0	0	3
390	16	0	0.513157895	147338.043	135668.95	105264.784	147338.043	32291.0447	0	0	0	841211	0	0	3
395	16	0	0.519736842	147455.65	136224.093	106751.923	147455.65	32171.3841	0	0	0	833631	0	0	3
400	17	0	0.526315789	147567.442	136761.139	108313.73	147567.442	31998.2602	0	0	0	829358	0	0	3
405	17	0	0.532894737	147677.688	137279.086	109949.981	147677.688	31775.1924	0	0	0	838167	0	0	3
410	17	0	0.539473684	147781.3	137776.866	111656.412	147781.3	31503.908	0	0	0	839873	0	0	3
415	17	0	0.546052632	147877.259	138253.456	113401.33	147877.259	31188.4568	0	0	0	834759	0	0	3
420	18	0	0.552631579	147978.414	138708.418	115157.162	147978.414	30834.2022	0	0	0	839213	0	0	3
425	18	0	0.559210526	148068.927	139141.468	116877.096	148068.927	30448.8081	0	0	0	847393	0	0	3
430	18	0	0.565789474	148161.732	139553.108	118509.733	148161.732	29651.9988	0	0	0	846436	0	0	3
435	18	0	0.572368421	148245.222	139665.992	118509.733	148245.222	29735.4884	0	0	0	839362	0	0	3
440	18	0	0.578947368	148326.873	140316.652	121449.994	148326.873	26876.8784	0	0	0	829569	0	0	3
445	18	0	0.585526316	148402.288	140671.288	122753.416	148402.288	25648.8715	0	0	0	836129	0	0	3
450	19	0	0.592105263	148470.749	140772.58	122753.416	148470.749	25717.3327	0	0	0	837186	0	0	3
455	19	0	0.598684211	148540.989	141333.278	125031.939	148540.989	23509.0502	0	0	0	834149	0	0	3
460	19	0	0.605263158	148604.298	141643.441	126025.41	148604.298	22578.888	0	0	0	848132	0	0	3
465	20	0	0.611842105	148670.804	141734.706	126025.41	148670.804	22645.3936	0	0	0	863096	0	0	3
470	20	0	0.618421053	148734.104	142228.208	127787.062	148734.104	20947.0424	0	0	0	861933	0	0	3
475	20	0	0.625	148794.077	142504.616	128590.565	148794.077	20203.5118	0	0	0	856757	0	0	3
480	20	0	0.631578947	148853.859	142771.239	129371.392	148853.859	19482.4666	0	0	0	847516	0	0	3
485	20	0	0.638157895	148913.237	143028.368	130124.704	148913.237	18788.5331	0	0	0	847785	0	0	3
490	21	0	0.644736842	148965.013	143276.267	130856.392	148965.013	18108.6203	0	0	0	846585	0	0	3
495	21	0	0.651315789	149017.213	143515.225	131567.502	149017.213	17449.7114	0	0	0	856160	0	0	3
500	21	0	0.657894737	149071.699	143745.544	132251.616	149071.699	16820.0825	0	0	0	866186	0	0	3
505	21	0	0.664473684	149123.701	143967.545	132886.78	149123.701	16236.9211	0	0	0	864628	0	0	3
510	21	0	0.671052632	149166.118	144181.747	133482.46	149166.118	15683.6581	0	0	0	863578	0	0	3
515	22	0	0.677631579	149212.625	144388.722	134053.067	149212.625	15159.5586	0	0	0	862991	0	0	3
520	22	0	0.684210526	149251.222	144588.698	134607.092	149251.222	14644.1297	0	0	0	856165	0	0	3
525	22	0	0.690789474	149291.408	144781.913	135151.049	149291.408	14140.3598	0	0	0	860877	0	0	3
530	22	0	0.697368421	149333.922	144841.03	135151.049	149333.922	14182.8739	0	0	0	872445	0	0	3
535	22	0	0.703947368	149378.537	145148.875	136161.191	149378.537	13217.3461	0	0	0	879977	0	0	3
540	25	0	0.710526316	149422.706	145323.368	136625.495	149422.706	12797.2109	0	0	0	878864	0	0	3
545	25	0	0.717105263	149464.982	145377.155	136625.495	149464.982	12839.487	0	0	0	873072	0	0	3
550	25	0	0.723684211	149501.703	145655.813	137513.562	149501.703	11988.1405	0	0	0	867241	0	0	3
555	25	0	0.730263158	149534.97	145813.989	137939.535	149534.97	11595.4349	0	0	0	863718	0	0	3
560	26	0	0.736842105	149573.766	145967.071	138348.949	149573.766	11224.8177	0	0	0	856729	0	0	3
565	26	0	0.743421053	149608.915	146115.228	138741.557	149608.915	10867.3583	0	0	0	862369	0	0	3
570	26	0	0.75	149636.392	146258.582	139122.95	149636.392	10513.442	0	0	0	862242	0	0	3
575	26	0	0.756578947	149666.859	146302.845	139122.95	149666.859	10543.9096	0	0	0	857100	0	0	3
580	27	0	0.763157895	149697.987	146531.668	139840.413	149697.987	9857.57382	0	0	0	849970	0	0	3
585	27	0	0.769736842	149722.382	146661.694	140173.392	149722.382	9548.98954	0	0	0	853298	0	0	3
590	27	0	0.776315789	149745.08	146701.738	140173.392	149745.08	9571.68816	0	0	0	854861	0	0	3
595	28	0	0.782894737	149773.593	146909.5	140840.864	149773.593	8932.72938	0	0	0	852757	0	0	3
600	28	0	0.789473684	149797.134	147027.346	141155.274	149797.134	8641.86071	0	0	0	850305	0	0	3
605	28	0	0.796052632	149825.443	147141.427	141457.506	149825.443	8367.93768	0	0	0	852825	0	0	3
610	28	0	0.802631579	149851.429	147251.873	141746.613	149851.429	8104.81548	0	0	0	852066	0	0	3
615	29	0	0.809210526	149874.491	147358.819	142023.264	149874.491	7851.22731	0	0	0	850454	0	0	3
620	29	0	0.815789474	149900.552	147462.468	142285.686	149900.552	7614.86664	0	0	0	848110	0	0	3
625	29	0	0.822368421	149928.308	147494.492	142285.686	149928.308	7642.6224	0	0	0	842026	0	0	3
630	39	0	0.828947368	149948.807	147660.477	142793.262	149948.807	7155.54469	0	0	0	839329	0	0	3
635	39	0	0.835526316	149973.056	147754.948	143032.145	149973.056	6940.91033	0	0	0	835352	0	0	3
640	39	0	0.842105263	150000.444	147784.11	143032.145	150000.444	6968.29835	0	0	0	837030	0	0	3
645	40	0	0.848684211	150026.54	147935.621	143485.545	150026.54	6540.99497	0	0	0	836483	0	0	3
650	40	0	0.855263158	150045.217	148021.933	143700.462	150045.217	6344.75509	0	0	0	832642	0	0	3
655	41	0	0.861842105	150064.192	148048.456	143700.462	150064.192	6363.73035	0	0	0	825275	0	0	3
660	41	0	0.868421053	150083.67	148186.936	144105.975	150083.67	5977.69489	0	0	0	831057	0	0	3
665	41	0	0.875	150107.445	148265.903	144299.391	150107.445	5808.05302	0	0	0	839594	0	0	3
670	42	0	0.881578947	150125.695	148290.056	144299.391	150125.695	5826.30348	0	0	0	842597	0	0	3
675	42	0	0.888157895	150139.132	148416.962	144671.267	150139.132	5467.86443	0	0	0	843007	0	0	3
680	42	0	0.894736842	150156.405	148489.135	144852.049	150156.405	5304.35646	0	0	0	840038	0	0	3
685	43	0	0.901315789	150172.621	148510.998	144852.049	150172.621	5320.5722	0	0	0	833334	0	0	3
690	43	0	0.907894737	150186.427	148626.936	145200.497	150186.427	4985.92949	0	0	0	829309	0	0	3
695	43	0	0.914473684	150202.395	148692.751	145365.395	150202.395	4836.99976	0	0	0	829268	0	0	3
700	44	0	0.921052632	150219.007	148756.614	145524.991	150219.007	4694.01541	0	0	0	835179	0	0	3
705	44	0	0.927631579	150234.976	148818.587	145675.751	150234.976	4559.22444	0	0	0	843746	0	0	3
710	45	0	0.934210526	150247.422	148878.741	145834.488	150247.422	4412.93414	0	0	0	849287	0	0	3
715	45	0	0.940789474	150259.935	148936.971	145986.971	150259.935	4272.96391	0	0	0	848550	0	0	3
720	62	0	0.947368421	150273.288	148954.325	145986.971	150273.288	4286.31664	0	0	0	847929	0	0	3
725	63	0	0.953947368	150285.905	149047.932	146285.125	150285.905	4000.78013	0	0	0	843742	0	0	3
730	63	0	0.960526316	150301.689	149100.781	146431.94	150301.689	3869.74872	0	0	0	836284	0	0	3
735	64	0	0.967105263	150311.424	149116.504	146431.94	150311.424	3879.48438	0	0	0	831602	0	0	3
740	64	0	0.973684211	150322.592	149201.233	146702.539	150322.592	3620.05283	0	0	0	830356	0	0	3
745	65	0	0.980263158	150338.173	149249.07	146831.799	150338.173	3506.37383	0	0	0	833805	0	0	3
750	65	0	0.986842105	150350.403	149263.373	146831.799	150350.403	3518.60427	0	0	0	841782	0	0	3
755	66	0	0.993421053	150362.122	149340.069	147091.873	150362.122	3270.24885	0	0	0	847829	0	0	3
760	66	0	1	150375.765	149383.278	147213.312	150375.765	3162.45292	4932.6342	0	100	847852	0	0	3
765	66	0	1.00657895	150383.363	149424.99	147338.043	150383.363	3045.32019	4932.6342	0	100	848878	0	0	3
770	67	0	1.01315789	150391.018	149437.536	147338.043	150391.018	3052.97459	4932.6342	0	100	843898	0	0	3
775	67	0	1.01973684	150403.936	149477.352	147455.65	150403.936	2948.28564	4932.6342	0	100	836558	0	0	3
780	68	0	1.02631579	150409.262	149541.346	147677.688	150409.262	2731.57384	4932.6342	0	100	832556	0	0	3
785	78	0	1.03289474	150417.122	149577.391	147781.3	150417.122	2635.82166	4932.6342	0	100	835055	0	0	3
790	79	0	1.03947368	150428.414	149612.222	147877.259	150428.414	2551.15459	4932.6342	0	100	837332	0	0	3
795	79	0	1.04605263	150435.162	149645.878	147978.414	150435.162	2456.74881	4932.6342	0	100	844827	0	0	3
800	80	0	1.05263158	150444.886	149656.255	147978.414	150444.886	2466.47265	4932.6342	0	100	847905	0	0	3
805	80	0	1.05921053	150456.962	149688.444	148068.927	150456.962	2388.0347	4932.6342	0	100	845681	0	0	3
810	81	0	1.06578947	150468.363	149740.104	148245.222	150468.363	2223.14063	4932.6342	0	100	835209	0	0	3
815	81	0	1.07236842	150468.849	149769.362	148326.873	150468.849	2141.97613	4932.6342	0	100	829168	0	0	3
