Iteration	CPUTime	PhysTime	Travels	Value	AvValue	MinValue	MaxValue	Delta	Criteria	Progress	dGMaxMin	CriteriaType	CriteriaVarType	CriteriaPercentage
1	1	0	0.00131578947	1.20437388	1.20437388	1.20437388	1.20437388	0	0	0	0	0.282314	0	0	3
5	1	0	0.00657894737	1.20606951	1.2052217	1.20437388	1.20606951	0.00084781829	0	0	0	1.11127	0	0	3
10	1	0	0.0131578947	1.20906829	1.20650389	1.20437388	1.20906829	0.00213001539	0	0	0	1.80825	0	0	3
15	1	0	0.0197368421	1.21413817	1.20841246	1.20437388	1.21413817	0.00403858471	0	0	0	2.31819	0	0	3
20	1	0	0.0263157895	1.22080859	1.21089169	1.20437388	1.22080859	0.00651780949	0	0	0	2.72415	0	0	3
25	2	0	0.0328947368	1.22849552	1.21382566	1.20437388	1.22849552	0.00945178192	0	0	0	3.04527	0	0	3
30	2	0	0.0394736842	1.23683908	1.21711329	1.20437388	1.23683908	0.0127394138	0	0	0	3.28938	0	0	3
35	2	0	0.0460526316	1.24556713	1.22067002	1.20437388	1.24556713	0.0162961432	0	0	0	3.43851	0	0	3
40	2	0	0.0526315789	1.25445307	1.22442369	1.20437388	1.25445307	0.0200498155	0	0	0	3.51739	0	0	3
45	2	0	0.0592105263	1.26330588	1.22831191	1.20437388	1.26330588	0.0239380337	0	0	0	3.54124	0	0	3
50	3	0	0.0657894737	1.27189637	1.23227414	1.20437388	1.27189637	0.0279002571	0	0	0	3.51655	0	0	3
55	3	0	0.0723684211	1.27998162	1.23624976	1.20437388	1.27998162	0.031875881	0	0	0	3.48896	0	0	3
60	3	0	0.0789473684	1.28751861	1.24019352	1.20437388	1.28751861	0.035819639	0	0	0	3.46422	0	0	3
65	3	0	0.0855263158	1.29448363	1.24407138	1.20437388	1.29448363	0.0396975042	0	0	0	3.45367	0	0	3
70	3	0	0.0921052632	1.30084455	1.24785626	1.20437388	1.30084455	0.0434823819	0	0	0	3.40461	0	0	3
75	3	0	0.0986842105	1.30663943	1.25153021	1.20437388	1.30663943	0.0471563298	0	0	0	3.40824	0	0	3
80	4	0	0.105263158	1.31190806	1.25508185	1.20437388	1.31190806	0.0507079681	0	0	0	3.35039	0	0	3
85	4	0	0.111842105	1.31671352	1.25850583	1.20437388	1.31671352	0.05413195	0	0	0	3.36528	0	0	3
90	4	0	0.118421053	1.32112141	1.26180139	1.20437388	1.32112141	0.0574275072	0	0	0	3.4285	0	0	3
95	4	0	0.125	1.32521004	1.26497182	1.20437388	1.32521004	0.06059794	0	0	0	3.55089	0	0	3
100	4	0	0.131578947	1.32906583	1.26802391	1.20437388	1.32906583	0.0636500361	0	0	0	3.64231	0	0	3
105	5	0	0.138157895	1.33279956	1.27096826	1.20437388	1.33279956	0.0665943837	0	0	0	3.65626	0	0	3
110	5	0	0.144736842	1.33636063	1.27381141	1.20437388	1.33636063	0.0694375302	0	0	0	3.7242	0	0	3
115	5	0	0.151315789	1.33977472	1.27655988	1.20437388	1.33977472	0.0721860016	0	0	0	3.75088	0	0	3
120	5	0	0.157894737	1.34306221	1.27921997	1.20437388	1.34306221	0.0748460949	0	0	0	3.77821	0	0	3
125	5	0	0.164473684	1.34620013	1.28179613	1.20437388	1.34620013	0.0774222547	0	0	0	3.87605	0	0	3
130	6	0	0.171052632	1.34909881	1.28428882	1.20437388	1.34909881	0.0799149465	0	0	0	3.92509	0	0	3
135	6	0	0.177631579	1.35179636	1.28669981	1.20437388	1.35179636	0.0823259299	0	0	0	3.96747	0	0	3
140	6	0	0.184210526	1.35438277	1.2890337	1.20437388	1.35438277	0.0846598252	0	0	0	4.01016	0	0	3
145	6	0	0.190789474	1.35688193	1.29129531	1.20437388	1.35688193	0.0869214329	0	0	0	4.01505	0	0	3
150	6	0	0.197368421	1.35932817	1.29348992	1.20437388	1.35932817	0.0891160412	0	0	0	4.04868	0	0	3
155	7	0	0.203947368	1.36165266	1.29562001	1.20437388	1.36165266	0.0912461268	0	0	0	4.03675	0	0	3
160	7	0	0.210526316	1.36380647	1.29768626	1.20437388	1.36380647	0.0933123835	0	0	0	4.03821	0	0	3
165	7	0	0.217105263	1.36583533	1.29969065	1.20437388	1.36583533	0.0953167678	0	0	0	4.01914	0	0	3
170	7	0	0.223684211	1.3677978	1.30163656	1.20437388	1.3677978	0.0972626866	0	0	0	4.06028	0	0	3
175	7	0	0.230263158	1.36970491	1.30352735	1.20437388	1.36970491	0.0991534739	0	0	0	4.06058	0	0	3
180	8	0	0.236842105	1.37154819	1.30536575	1.20437388	1.37154819	0.100991875	0	0	0	4.03024	0	0	3
185	8	0	0.243421053	1.37331855	1.30715398	1.20437388	1.37331855	0.102780106	0	0	0	4.03227	0	0	3
190	8	0	0.25	1.37501793	1.30889409	1.20437388	1.37501793	0.104520208	0	0	0	4.06503	0	0	3
195	8	0	0.256578947	1.37668716	1.31058891	1.20437388	1.37668716	0.106215034	0	0	0	4.06285	0	0	3
200	9	0	0.263157895	1.37827077	1.31223969	1.20437388	1.37827077	0.107865812	0	0	0	4.03596	0	0	3
205	9	0	0.269736842	1.37981583	1.31384865	1.20437388	1.37981583	0.109474767	0	0	0	3.99751	0	0	3
210	9	0	0.276315789	1.38124826	1.31541608	1.20437388	1.38124826	0.1110422	0	0	0	4.03262	0	0	3
215	9	0	0.282894737	1.38272308	1.31694578	1.20437388	1.38272308	0.112571905	0	0	0	4.02432	0	0	3
220	9	0	0.289473684	1.38415525	1.31843933	1.20437388	1.38415525	0.114065448	0	0	0	3.99819	0	0	3
225	10	0	0.296052632	1.38551728	1.31989754	1.20437388	1.38551728	0.115523665	0	0	0	3.96735	0	0	3
230	10	0	0.302631579	1.38682251	1.32132148	1.20437388	1.38682251	0.1169476	0	0	0	4.02667	0	0	3
235	10	0	0.309210526	1.3880626	1.32271192	1.20437388	1.3880626	0.11833804	0	0	0	4.09203	0	0	3
240	10	0	0.315789474	1.38925231	1.32406989	1.20437388	1.38925231	0.119696007	0	0	0	4.09092	0	0	3
245	10	0	0.322368421	1.3903684	1.32539586	1.20437388	1.3903684	0.121021978	0	0	0	4.06082	0	0	3
250	11	0	0.328947368	1.39146772	1.32669138	1.20437388	1.39146772	0.122317505	0	0	0	4.04125	0	0	3
255	11	0	0.335526316	1.39252682	1.32795745	1.20437388	1.39252682	0.123583571	0	0	0	4.00895	0	0	3
260	11	0	0.342105263	1.39353966	1.32919485	1.20437388	1.39353966	0.124820971	0	0	0	3.97691	0	0	3
265	11	0	0.348684211	1.39451546	1.33040449	1.20437388	1.39451546	0.126030612	0	0	0	3.94299	0	0	3
270	11	0	0.355263158	1.3954593	1.3315873	1.20437388	1.3954593	0.127213426	0	0	0	3.91269	0	0	3
275	12	0	0.361842105	1.39638688	1.33274444	1.20437388	1.39638688	0.128370562	0	0	0	3.88954	0	0	3
280	12	0	0.368421053	1.39728235	1.33387668	1.20437388	1.39728235	0.129502806	0	0	0	3.91808	0	0	3
285	12	0	0.375	1.39815349	1.3349849	1.20437388	1.39815349	0.130611027	0	0	0	3.93742	0	0	3
290	12	0	0.381578947	1.39899409	1.33606981	1.20437388	1.39899409	0.131695928	0	0	0	3.92285	0	0	3
295	12	0	0.388157895	1.39979848	1.33713195	1.20437388	1.39979848	0.132758073	0	0	0	3.98626	0	0	3
300	12	0	0.394736842	1.40059609	1.33817235	1.20437388	1.40059609	0.133798469	0	0	0	4.00855	0	0	3
305	13	0	0.401315789	1.40136136	1.33919152	1.20437388	1.40136136	0.134817646	0	0	0	3.99596	0	0	3
310	13	0	0.407894737	1.40212061	1.3401904	1.20437388	1.40212061	0.135816521	0	0	0	3.96609	0	0	3
315	13	0	0.414473684	1.40281191	1.34116886	1.20437388	1.40281191	0.136794982	0	0	0	3.93761	0	0	3
320	13	0	0.421052632	1.40351299	1.342128	1.20437388	1.40351299	0.137754122	0	0	0	3.92788	0	0	3
325	13	0	0.427631579	1.40419605	1.34306843	1.20437388	1.40419605	0.138694547	0	0	0	3.95983	0	0	3
330	14	0	0.434210526	1.4048336	1.34399029	1.20437388	1.4048336	0.139616415	0	0	0	3.93992	0	0	3
335	14	0	0.440789474	1.40550948	1.34489499	1.20437388	1.40550948	0.140521109	0	0	0	3.96034	0	0	3
340	14	0	0.447368421	1.40614976	1.34578274	1.20437388	1.40614976	0.14140886	0	0	0	4.02684	0	0	3
345	14	0	0.453947368	1.40678224	1.34665416	1.20437388	1.40678224	0.142280281	0	0	0	4.05396	0	0	3
350	15	0	0.460526316	1.40738835	1.34750957	1.20437388	1.40738835	0.143135692	0	0	0	4.03871	0	0	3
355	15	0	0.467105263	1.40801028	1.34834986	1.20437388	1.40801028	0.14397598	0	0	0	4.00168	0	0	3
360	15	0	0.473684211	1.40858663	1.34917502	1.20437388	1.40858663	0.144801141	0	0	0	4.05563	0	0	3
365	15	0	0.480263158	1.40915007	1.34998549	1.20437388	1.40915007	0.145611615	0	0	0	4.08444	0	0	3
370	15	0	0.486842105	1.4097029	1.35078172	1.20437388	1.4097029	0.146407847	0	0	0	4.08039	0	0	3
375	16	0	0.493421053	1.41026051	1.35156434	1.20437388	1.41026051	0.147190462	0	0	0	4.05216	0	0	3
380	16	0	0.5	1.41078594	1.35233345	1.20437388	1.41078594	0.147959574	0	0	0	4.06376	0	0	3
385	16	0	0.506578947	1.41128305	1.35502058	1.20606951	1.41128305	0.149798888	0	0	0	4.09454	0	0	3
390	16	0	0.513157895	1.41179558	1.35964793	1.21413817	1.41179558	0.151235468	0	0	0	4.08561	0	0	3
395	16	0	0.519736842	1.41227238	1.36225496	1.22080859	1.41227238	0.151363273	0	0	0	4.0535	0	0	3
400	17	0	0.526315789	1.41273642	1.36478033	1.22849552	1.41273642	0.150954666	0	0	0	4.03969	0	0	3
405	17	0	0.532894737	1.41319772	1.36721062	1.23683908	1.41319772	0.150097327	0	0	0	4.07045	0	0	3
410	17	0	0.539473684	1.41362892	1.3695368	1.24556713	1.41362892	0.148866779	0	0	0	4.07391	0	0	3
415	17	0	0.546052632	1.41401939	1.37175328	1.25445307	1.41401939	0.147329584	0	0	0	4.05416	0	0	3
420	18	0	0.552631579	1.41443191	1.37385826	1.26330588	1.41443191	0.14554635	0	0	0	4.06712	0	0	3
425	18	0	0.559210526	1.41478578	1.37585142	1.27189637	1.41478578	0.142889409	0	0	0	4.10211	0	0	3
430	18	0	0.565789474	1.41516627	1.37773655	1.27998162	1.41516627	0.135184652	0	0	0	4.09503	0	0	3
435	18	0	0.572368421	1.41550218	1.37822701	1.27998162	1.41550218	0.135520554	0	0	0	4.06643	0	0	3
440	18	0	0.578947368	1.41584133	1.38120817	1.29448363	1.41584133	0.121357698	0	0	0	4.03448	0	0	3
445	18	0	0.585526316	1.41615071	1.38280905	1.30084455	1.41615071	0.115306162	0	0	0	4.05887	0	0	3
450	19	0	0.592105263	1.41643365	1.38324574	1.30084455	1.41643365	0.115589107	0	0	0	4.06194	0	0	3
455	19	0	0.598684211	1.41672519	1.38577846	1.31190806	1.41672519	0.104817128	0	0	0	4.05054	0	0	3
460	19	0	0.605263158	1.41698068	1.38716099	1.31671352	1.41698068	0.100267157	0	0	0	4.10548	0	0	3
465	20	0	0.611842105	1.4172539	1.38755181	1.31671352	1.4172539	0.100540375	0	0	0	4.15043	0	0	3
470	20	0	0.618421053	1.4175099	1.38975216	1.32521004	1.4175099	0.0922998564	0	0	0	4.14104	0	0	3
475	20	0	0.625	1.41775474	1.39096986	1.32906583	1.41775474	0.0886889026	0	0	0	4.11858	0	0	3
480	20	0	0.631578947	1.41800755	1.39214014	1.33279956	1.41800755	0.0852079861	0	0	0	4.08566	0	0	3
485	20	0	0.638157895	1.41826058	1.39326463	1.33636063	1.41826058	0.0818999439	0	0	0	4.09839	0	0	3
490	21	0	0.644736842	1.41847792	1.39434512	1.33977472	1.41847792	0.0787031993	0	0	0	4.0935	0	0	3
495	21	0	0.651315789	1.41868488	1.39538341	1.34306221	1.41868488	0.0756226653	0	0	0	4.12109	0	0	3
500	21	0	0.657894737	1.41890913	1.3963814	1.34620013	1.41890913	0.0727090037	0	0	0	4.14456	0	0	3
505	21	0	0.664473684	1.41911455	1.3973408	1.34909881	1.41911455	0.0700157337	0	0	0	4.13641	0	0	3
510	21	0	0.671052632	1.41928803	1.39826434	1.35179636	1.41928803	0.0674916699	0	0	0	4.13124	0	0	3
515	22	0	0.677631579	1.4194812	1.39915493	1.35438277	1.4194812	0.0650984251	0	0	0	4.12503	0	0	3
520	22	0	0.684210526	1.41965001	1.40001371	1.35688193	1.41965001	0.0627680799	0	0	0	4.10097	0	0	3
525	22	0	0.690789474	1.41981358	1.40084176	1.35932817	1.41981358	0.060485409	0	0	0	4.11681	0	0	3
530	22	0	0.697368421	1.41998132	1.40109032	1.35932817	1.41998132	0.0606531532	0	0	0	4.14942	0	0	3
535	22	0	0.703947368	1.42016091	1.40240967	1.36380647	1.42016091	0.0563544339	0	0	0	4.15881	0	0	3
540	25	0	0.710526316	1.42033343	1.40315345	1.36583533	1.42033343	0.054498103	0	0	0	4.14375	0	0	3
545	25	0	0.717105263	1.4205091	1.40337884	1.36583533	1.4205091	0.0546737744	0	0	0	4.12455	0	0	3
550	25	0	0.723684211	1.42065165	1.40456828	1.36970491	1.42065165	0.0509467465	0	0	0	4.0995	0	0	3
555	25	0	0.730263158	1.42078083	1.40524034	1.37154819	1.42078083	0.0492326409	0	0	0	4.09044	0	0	3
560	26	0	0.736842105	1.42093456	1.40589016	1.37331855	1.42093456	0.0476160167	0	0	0	4.08166	0	0	3
565	26	0	0.743421053	1.42107551	1.40651854	1.37501793	1.42107551	0.0460575821	0	0	0	4.09218	0	0	3
570	26	0	0.75	1.42118037	1.40712594	1.37668716	1.42118037	0.0444932127	0	0	0	4.09169	0	0	3
575	26	0	0.756578947	1.42129966	1.40731001	1.37668716	1.42129966	0.0446124984	0	0	0	4.08145	0	0	3
580	27	0	0.763157895	1.421434	1.40828088	1.37981583	1.421434	0.0416181712	0	0	0	4.07617	0	0	3
585	27	0	0.769736842	1.42152243	1.40882965	1.38124826	1.42152243	0.0402741683	0	0	0	4.06557	0	0	3
590	27	0	0.776315789	1.42162729	1.40899586	1.38124826	1.42162729	0.0403790281	0	0	0	4.05434	0	0	3
595	28	0	0.782894737	1.42174634	1.40987442	1.38415525	1.42174634	0.0375910913	0	0	0	4.06607	0	0	3
600	28	0	0.789473684	1.42184431	1.41037033	1.38551728	1.42184431	0.0363270236	0	0	0	4.06656	0	0	3
605	28	0	0.796052632	1.42195618	1.41084979	1.38682251	1.42195618	0.0351336691	0	0	0	4.06451	0	0	3
610	28	0	0.802631579	1.42205833	1.41131342	1.3880626	1.42205833	0.0339957338	0	0	0	4.06345	0	0	3
615	29	0	0.809210526	1.42215134	1.41176195	1.38925231	1.42215134	0.0328990346	0	0	0	4.06996	0	0	3
620	29	0	0.815789474	1.42225439	1.41219619	1.3903684	1.42225439	0.0318859887	0	0	0	4.0506	0	0	3
625	29	0	0.822368421	1.42236958	1.41232831	1.3903684	1.42236958	0.0320011834	0	0	0	4.0007	0	0	3
630	39	0	0.828947368	1.42244154	1.41302481	1.39252682	1.42244154	0.029914719	0	0	0	3.99411	0	0	3
635	39	0	0.835526316	1.42254798	1.41341982	1.39353966	1.42254798	0.0290083258	0	0	0	4.00195	0	0	3
640	39	0	0.842105263	1.42266836	1.41353994	1.39353966	1.42266836	0.0291287008	0	0	0	3.98605	0	0	3
645	40	0	0.848684211	1.42278105	1.41417501	1.3954593	1.42278105	0.0273217485	0	0	0	3.94658	0	0	3
650	40	0	0.855263158	1.42284931	1.41453541	1.39638688	1.42284931	0.0264624223	0	0	0	3.89756	0	0	3
655	41	0	0.861842105	1.42292241	1.41464433	1.39638688	1.42292241	0.026535529	0	0	0	3.89554	0	0	3
660	41	0	0.868421053	1.42300509	1.41522302	1.39815349	1.42300509	0.0248516023	0	0	0	3.89575	0	0	3
665	41	0	0.875	1.42310791	1.41555136	1.39899409	1.42310791	0.0241138174	0	0	0	3.87777	0	0	3
670	42	0	0.881578947	1.42318292	1.41565047	1.39899409	1.42318292	0.0241888312	0	0	0	3.84851	0	0	3
675	42	0	0.888157895	1.42323351	1.41617799	1.40059609	1.42323351	0.0226374151	0	0	0	3.82871	0	0	3
680	42	0	0.894736842	1.42330866	1.41647684	1.40136136	1.42330866	0.0219473001	0	0	0	3.82944	0	0	3
685	43	0	0.901315789	1.4233867	1.41656658	1.40136136	1.4233867	0.0220253403	0	0	0	3.80936	0	0	3
690	43	0	0.907894737	1.42344391	1.41704722	1.40281191	1.42344391	0.020632	0	0	0	3.77037	0	0	3
695	43	0	0.914473684	1.42350754	1.41731953	1.40351299	1.42350754	0.0199945542	0	0	0	3.79292	0	0	3
700	44	0	0.921052632	1.42357934	1.41758356	1.40419605	1.42357934	0.0193832919	0	0	0	3.83308	0	0	3
705	44	0	0.927631579	1.42363698	1.41783936	1.4048336	1.42363698	0.0188033833	0	0	0	3.86695	0	0	3
710	45	0	0.934210526	1.4236939	1.41808753	1.40550948	1.4236939	0.0181844216	0	0	0	3.87965	0	0	3
715	45	0	0.940789474	1.423743	1.41832744	1.40614976	1.423743	0.0175932339	0	0	0	3.87065	0	0	3
720	62	0	0.947368421	1.42380238	1.41839854	1.40614976	1.42380238	0.0176526194	0	0	0	3.85673	0	0	3
725	63	0	0.953947368	1.42384989	1.41878429	1.40738835	1.42384989	0.0164615336	0	0	0	3.83082	0	0	3
730	63	0	0.960526316	1.42392065	1.41900182	1.40801028	1.42392065	0.0159103712	0	0	0	3.80515	0	0	3
735	64	0	0.967105263	1.42395224	1.41906611	1.40801028	1.42395224	0.0159419585	0	0	0	3.80032	0	0	3
740	64	0	0.973684211	1.42399269	1.41941429	1.40915007	1.42399269	0.014842622	0	0	0	3.81247	0	0	3
745	65	0	0.980263158	1.42406383	1.41961052	1.4097029	1.42406383	0.0143609361	0	0	0	3.84059	0	0	3
750	65	0	0.986842105	1.42410546	1.4196689	1.4097029	1.42410546	0.0144025601	0	0	0	3.87113	0	0	3
755	66	0	0.993421053	1.42415708	1.41998288	1.41078594	1.42415708	0.0133711336	0	0	0	3.8852	0	0	3
760	66	0	1	1.4242114	1.42015953	1.41128305	1.4242114	0.0129283558	0.022564597	0	100	3.87953	0	0	3
765	66	0	1.00657895	1.42423742	1.42032998	1.41179558	1.42423742	0.012441837	0.022564597	0	100	3.87033	0	0	3
770	67	0	1.01315789	1.42426476	1.42038108	1.41179558	1.42426476	0.0124691787	0.022564597	0	100	3.84336	0	0	3
775	67	0	1.01973684	1.42431729	1.4205437	1.41227238	1.42431729	0.0120449134	0.022564597	0	100	3.81827	0	0	3
780	68	0	1.02631579	1.42433046	1.42080509	1.41319772	1.42433046	0.0111327357	0.022564597	0	100	3.83201	0	0	3
785	78	0	1.03289474	1.42435126	1.42095185	1.41362892	1.42435126	0.0107223321	0.022564597	0	100	3.85199	0	0	3
790	79	0	1.03947368	1.42440378	1.42109362	1.41401939	1.42440378	0.0103843899	0.022564597	0	100	3.85727	0	0	3
795	79	0	1.04605263	1.42442287	1.42123051	1.41443191	1.42442287	0.00999096072	0.022564597	0	100	3.88119	0	0	3
800	80	0	1.05263158	1.4244683	1.42127256	1.41443191	1.4244683	0.010036394	0.022564597	0	100	3.88445	0	0	3
805	80	0	1.05921053	1.42451955	1.42140357	1.41478578	1.42451955	0.00973377208	0.022564597	0	100	3.86917	0	0	3
810	81	0	1.06578947	1.42456575	1.42161432	1.41550218	1.42456575	0.00906357388	0.022564597	0	100	3.82382	0	0	3
815	81	0	1.07236842	1.42455162	1.42173339	1.41584133	1.42456575	0.00872442204	0.022564597	0	100	3.82864	0	0	3
