Iteration	CPUTime	PhysTime	Travels	Value	AvValue	MinValue	MaxValue	Delta	Criteria	Progress	dGMaxMin	CriteriaType	CriteriaVarType	CriteriaPercentage
1	1	0	0.00131578947	144103.562	144103.562	144103.562	144103.562	0	0	0	0	52879.5	0	0	3
5	1	0	0.00657894737	260457.229	202280.395	144103.562	260457.229	58176.8338	0	0	0	201327	0	0	3
10	1	0	0.0131578947	355041.49	253200.76	144103.562	355041.49	109097.199	0	0	0	319683	0	0	3
15	1	0	0.0197368421	425361.767	296241.012	144103.562	425361.767	152137.45	0	0	0	404417	0	0	3
20	1	0	0.0263157895	486224.242	334237.658	144103.562	486224.242	190134.096	0	0	0	473822	0	0	3
25	2	0	0.0328947368	537000.93	368031.537	144103.562	537000.93	223927.975	0	0	0	529657	0	0	3
30	2	0	0.0394736842	575720.297	397701.36	144103.562	575720.297	253597.798	0	0	0	571374	0	0	3
35	2	0	0.0460526316	608589.921	424062.43	144103.562	608589.921	279958.868	0	0	0	606017	0	0	3
40	2	0	0.0526315789	624706.444	446356.209	144103.562	624706.444	302252.647	0	0	0	623178	0	0	3
45	2	0	0.0592105263	626945.987	464415.187	144103.562	626945.987	320311.625	0	0	0	626036	0	0	3
50	3	0	0.0657894737	617529.435	478334.664	144103.562	626945.987	334231.102	0	0	0	616804	0	0	3
55	3	0	0.0723684211	603787.667	488789.081	144103.562	626945.987	344685.519	0	0	0	602598	0	0	3
60	3	0	0.0789473684	599224.676	497284.127	144103.562	626945.987	353180.565	0	0	0	598340	0	0	3
65	3	0	0.0855263158	601839.529	504752.37	144103.562	626945.987	360648.808	0	0	0	601161	0	0	3
70	3	0	0.0921052632	603914.2	511363.158	144103.562	626945.987	367259.597	0	0	0	603021	0	0	3
75	3	0	0.0986842105	608265.686	517419.566	144103.562	626945.987	373316.005	0	0	0	607050	0	0	3
80	4	0	0.105263158	612836.184	523032.309	144103.562	626945.987	378928.747	0	0	0	611615	0	0	3
85	4	0	0.111842105	625955.189	528750.246	144103.562	626945.987	384646.685	0	0	0	624718	0	0	3
90	4	0	0.118421053	645607.351	534900.62	144103.562	645607.351	390797.059	0	0	0	644196	0	0	3
95	4	0	0.125	681554.234	542233.301	144103.562	681554.234	398129.739	0	0	0	679864	0	0	3
100	4	0	0.131578947	708140.679	550133.652	144103.562	708140.679	406030.091	0	0	0	706302	0	0	3
105	5	0	0.138157895	714328.764	557597.066	144103.562	714328.764	413493.505	0	0	0	712520	0	0	3
110	5	0	0.144736842	731457.229	565156.204	144103.562	731457.229	421052.642	0	0	0	729655	0	0	3
115	5	0	0.151315789	739873.402	572436.087	144103.562	739873.402	428332.526	0	0	0	738051	0	0	3
120	5	0	0.157894737	749134.124	579504.009	144103.562	749134.124	435400.447	0	0	0	747276	0	0	3
125	5	0	0.164473684	781327.691	587266.458	144103.562	781327.691	443162.896	0	0	0	779425	0	0	3
130	6	0	0.171052632	796916.916	595031.29	144103.562	796916.916	450927.728	0	0	0	794956	0	0	3
135	6	0	0.177631579	813252.948	602824.92	144103.562	813252.948	458721.359	0	0	0	811227	0	0	3
140	6	0	0.184210526	820484.246	610330.414	144103.562	820484.246	466226.853	0	0	0	818391	0	0	3
145	6	0	0.190789474	834463.498	617801.517	144103.562	834463.498	473697.956	0	0	0	832305	0	0	3
150	6	0	0.197368421	849290.802	625268.914	144103.562	849290.802	481165.352	0	0	0	847053	0	0	3
155	7	0	0.203947368	846868.912	632193.913	144103.562	849290.802	488090.352	0	0	0	844547	0	0	3
160	7	0	0.210526316	852998.448	638884.96	144103.562	852998.448	494781.398	0	0	0	850582	0	0	3
165	7	0	0.217105263	845803.03	644970.786	144103.562	852998.448	500867.224	0	0	0	843279	0	0	3
170	7	0	0.223684211	840105.411	650546.061	144103.562	852998.448	506442.499	0	0	0	837453	0	0	3
175	7	0	0.230263158	840874.253	655832.955	144103.562	852998.448	511729.393	0	0	0	838079	0	0	3
180	8	0	0.236842105	835644.994	660692.74	144103.562	852998.448	516589.178	0	0	0	832684	0	0	3
185	8	0	0.243421053	843326.425	665498.889	144103.562	852998.448	521395.328	0	0	0	840167	0	0	3
190	8	0	0.25	861476.987	670523.969	144103.562	861476.987	526420.407	0	0	0	858109	0	0	3
195	8	0	0.256578947	860799.571	675280.859	144103.562	861476.987	531177.297	0	0	0	857228	0	0	3
200	9	0	0.263157895	853302.304	679622.845	144103.562	861476.987	535519.284	0	0	0	849529	0	0	3
205	9	0	0.269736842	845185.199	683564.806	144103.562	861476.987	539461.244	0	0	0	841212	0	0	3
210	9	0	0.276315789	831735.233	687010.63	144103.562	861476.987	542907.068	0	0	0	827569	0	0	3
215	9	0	0.282894737	827990.405	690214.716	144103.562	861476.987	546111.154	0	0	0	823749	0	0	3
220	9	0	0.289473684	820258.578	693104.579	144103.562	861476.987	549001.018	0	0	0	816020	0	0	3
225	10	0	0.296052632	811938.716	695687.93	144103.562	861476.987	551584.368	0	0	0	807701	0	0	3
230	10	0	0.302631579	829661.2	698538.425	144103.562	861476.987	554434.864	0	0	0	825426	0	0	3
235	10	0	0.309210526	850273.145	701699.565	144103.562	861476.987	557596.004	0	0	0	846040	0	0	3
240	10	0	0.315789474	851052.409	704747.582	144103.562	861476.987	560644.021	0	0	0	846822	0	0	3
245	10	0	0.322368421	842853.155	707509.694	144103.562	861476.987	563406.132	0	0	0	838624	0	0	3
250	11	0	0.328947368	839648.796	710100.657	144103.562	861476.987	565997.095	0	0	0	835423	0	0	3
255	11	0	0.335526316	832090.872	712446.622	144103.562	861476.987	568343.061	0	0	0	827886	0	0	3
260	11	0	0.342105263	823033.303	714533.163	144103.562	861476.987	570429.602	0	0	0	818842	0	0	3
265	11	0	0.348684211	812866.252	716354.147	144103.562	861476.987	572250.585	0	0	0	808697	0	0	3
270	11	0	0.355263158	804465.509	717956.171	144103.562	861476.987	573852.61	0	0	0	800312	0	0	3
275	12	0	0.361842105	818102.833	719744.505	144103.562	861476.987	575640.943	0	0	0	813975	0	0	3
280	12	0	0.368421053	837795.855	721815.581	144103.562	861476.987	577712.019	0	0	0	833686	0	0	3
285	12	0	0.375	848362.083	723997.417	144103.562	861476.987	579893.856	0	0	0	844277	0	0	3
290	12	0	0.381578947	847059.743	726083.219	144103.562	861476.987	581979.658	0	0	0	842992	0	0	3
295	12	0	0.388157895	837701.904	727943.531	144103.562	861476.987	583839.969	0	0	0	833646	0	0	3
300	12	0	0.394736842	824755.205	729530.607	144103.562	861476.987	585427.046	0	0	0	820700	0	0	3
305	13	0	0.401315789	820215.997	730993.275	144103.562	861476.987	586889.713	0	0	0	816159	0	0	3
310	13	0	0.407894737	813191.496	732298.009	144103.562	861476.987	588194.447	0	0	0	809132	0	0	3
315	13	0	0.414473684	815629.279	733600.06	144103.562	861476.987	589496.498	0	0	0	811565	0	0	3
320	13	0	0.421052632	837933.907	735205.196	144103.562	861476.987	591101.634	0	0	0	833873	0	0	3
325	13	0	0.427631579	849300.568	736933.914	144103.562	861476.987	592830.352	0	0	0	845245	0	0	3
330	14	0	0.434210526	844323.403	738536.742	144103.562	861476.987	594433.18	0	0	0	840263	0	0	3
335	14	0	0.440789474	836686.534	739980.121	144103.562	861476.987	595876.559	0	0	0	832623	0	0	3
340	14	0	0.447368421	827431.269	741247.529	144103.562	861476.987	597143.967	0	0	0	823363	0	0	3
345	14	0	0.453947368	835763.046	742597.751	144103.562	861476.987	598494.189	0	0	0	831688	0	0	3
350	15	0	0.460526316	832378.786	743862.272	144103.562	861476.987	599758.711	0	0	0	828303	0	0	3
355	15	0	0.467105263	823069.188	744962.368	144103.562	861476.987	600858.807	0	0	0	818985	0	0	3
360	15	0	0.473684211	831069.562	746141.919	144103.562	861476.987	602038.357	0	0	0	826985	0	0	3
365	15	0	0.480263158	845334.422	747482.358	144103.562	861476.987	603378.797	0	0	0	841241	0	0	3
370	15	0	0.486842105	847171.817	748811.551	144103.562	861476.987	604707.989	0	0	0	843078	0	0	3
375	16	0	0.493421053	840748.755	750021.251	144103.562	861476.987	605917.689	0	0	0	836649	0	0	3
380	16	0	0.5	837555.732	751158.062	144103.562	861476.987	607054.501	0	0	0	833455	0	0	3
385	16	0	0.506578947	846701.392	760282.71	260457.229	861476.987	558002.314	0	0	0	842587	0	0	3
390	16	0	0.513157895	845341.109	773310.671	425361.767	861476.987	436115.22	0	0	0	841211	0	0	3
395	16	0	0.519736842	837780.656	778737.236	486224.242	861476.987	375252.745	0	0	0	833631	0	0	3
400	17	0	0.526315789	833531.116	783307.063	537000.93	861476.987	324476.058	0	0	0	829358	0	0	3
405	17	0	0.532894737	842359.397	787324.938	575720.297	861476.987	285756.691	0	0	0	838167	0	0	3
410	17	0	0.539473684	844092.57	790856.152	599224.676	861476.987	262252.312	0	0	0	839873	0	0	3
415	17	0	0.546052632	838997.123	793887.825	599224.676	861476.987	262252.312	0	0	0	834759	0	0	3
420	18	0	0.552631579	843478.219	796766.401	599224.676	861476.987	262252.312	0	0	0	839213	0	0	3
425	18	0	0.559210526	851677.962	799723.401	599224.676	861476.987	262252.312	0	0	0	847393	0	0	3
430	18	0	0.565789474	850739.364	802791.953	599224.676	861476.987	262252.312	0	0	0	846436	0	0	3
435	18	0	0.572368421	843686.187	803323.047	599224.676	861476.987	262252.312	0	0	0	839362	0	0	3
440	18	0	0.578947368	833908.876	809036.462	601839.529	861476.987	259637.458	0	0	0	829569	0	0	3
445	18	0	0.585526316	840481.239	812176.485	603914.2	861476.987	257562.787	0	0	0	836129	0	0	3
450	19	0	0.592105263	841547.625	812557.928	603914.2	861476.987	257562.787	0	0	0	837186	0	0	3
455	19	0	0.598684211	838521.655	818332.924	612836.184	861476.987	248640.804	0	0	0	834149	0	0	3
460	19	0	0.605263158	852529.797	821486.788	625955.189	861476.987	235521.799	0	0	0	848132	0	0	3
465	20	0	0.611842105	867494.422	822084.289	625955.189	867494.422	241539.234	0	0	0	863096	0	0	3
470	20	0	0.618421053	866342.97	827569.351	681554.234	867494.422	185940.188	0	0	0	861933	0	0	3
475	20	0	0.625	861152.539	829932.487	708140.679	867494.422	159353.743	0	0	0	856757	0	0	3
480	20	0	0.631578947	851930.644	831824.46	714328.764	867494.422	153165.659	0	0	0	847516	0	0	3
485	20	0	0.638157895	852190.675	833638.433	731457.229	867494.422	136037.194	0	0	0	847785	0	0	3
490	21	0	0.644736842	851007.066	835211.457	739873.402	867494.422	127621.02	0	0	0	846585	0	0	3
495	21	0	0.651315789	860587.103	836799.795	749134.124	867494.422	118360.298	0	0	0	856160	0	0	3
500	21	0	0.657894737	870593.377	838397.943	781327.691	870593.377	89265.6852	0	0	0	866186	0	0	3
505	21	0	0.664473684	869109.416	839552.966	796916.916	870593.377	73676.4608	0	0	0	864628	0	0	3
510	21	0	0.671052632	867983.585	840488.054	804465.509	870593.377	66127.8675	0	0	0	863578	0	0	3
515	22	0	0.677631579	867503.685	841201.879	804465.509	870593.377	66127.8675	0	0	0	862991	0	0	3
520	22	0	0.684210526	860569.52	841729.317	804465.509	870593.377	66127.8675	0	0	0	856165	0	0	3
525	22	0	0.690789474	865314.995	842135.258	804465.509	870593.377	66127.8675	0	0	0	860877	0	0	3
530	22	0	0.697368421	876870.464	842586.364	804465.509	876870.464	72404.9553	0	0	0	872445	0	0	3
535	22	0	0.703947368	884420.913	842992.253	804465.509	884420.913	79955.4037	0	0	0	879977	0	0	3
540	25	0	0.710526316	883319.964	843391.22	804465.509	884420.913	79955.4037	0	0	0	878864	0	0	3
545	25	0	0.717105263	877479.748	843833.929	804465.509	884420.913	79955.4037	0	0	0	873072	0	0	3
550	25	0	0.723684211	871757.93	844224.5	804465.509	884420.913	79955.4037	0	0	0	867241	0	0	3
555	25	0	0.730263158	868118.457	844582.976	804465.509	884420.913	79955.4037	0	0	0	863718	0	0	3
560	26	0	0.736842105	861291.451	844920.43	804465.509	884420.913	79955.4037	0	0	0	856729	0	0	3
565	26	0	0.743421053	866775.778	845228.974	804465.509	884420.913	79955.4037	0	0	0	862369	0	0	3
570	26	0	0.75	866648.373	845297.018	804465.509	884420.913	79955.4037	0	0	0	862242	0	0	3
575	26	0	0.756578947	861549.423	845508.089	804465.509	884420.913	79955.4037	0	0	0	857100	0	0	3
580	27	0	0.763157895	854368.745	845320.917	804465.509	884420.913	79955.4037	0	0	0	849970	0	0	3
585	27	0	0.769736842	857786.144	845486.719	804465.509	884420.913	79955.4037	0	0	0	853298	0	0	3
590	27	0	0.776315789	859265.803	845665.668	804465.509	884420.913	79955.4037	0	0	0	854861	0	0	3
595	28	0	0.782894737	857325.89	846234.956	804465.509	884420.913	79955.4037	0	0	0	852757	0	0	3
600	28	0	0.789473684	854717.797	846688.367	804465.509	884420.913	79955.4037	0	0	0	850305	0	0	3
605	28	0	0.796052632	857238.682	847284.419	804465.509	884420.913	79955.4037	0	0	0	852825	0	0	3
610	28	0	0.802631579	856522.211	847637.854	804465.509	884420.913	79955.4037	0	0	0	852066	0	0	3
615	29	0	0.809210526	854859.168	847698.196	804465.509	884420.913	79955.4037	0	0	0	850454	0	0	3
620	29	0	0.815789474	852595.907	847718.505	804465.509	884420.913	79955.4037	0	0	0	848110	0	0	3
625	29	0	0.822368421	846436.727	847701.859	804465.509	884420.913	79955.4037	0	0	0	842026	0	0	3
630	39	0	0.828947368	843848.926	847820.922	804465.509	884420.913	79955.4037	0	0	0	839329	0	0	3
635	39	0	0.835526316	839767.18	847921.927	804465.509	884420.913	79955.4037	0	0	0	835352	0	0	3
640	39	0	0.842105263	841444.294	847837.801	804465.509	884420.913	79955.4037	0	0	0	837030	0	0	3
645	40	0	0.848684211	840937.493	848533.535	804465.509	884420.913	79955.4037	0	0	0	836483	0	0	3
650	40	0	0.855263158	837046.95	848962.238	813191.496	884420.913	71229.4165	0	0	0	832642	0	0	3
655	41	0	0.861842105	829758.122	848712.834	813191.496	884420.913	71229.4165	0	0	0	825275	0	0	3
660	41	0	0.868421053	835459.867	849084.86	813191.496	884420.913	71229.4165	0	0	0	831057	0	0	3
665	41	0	0.875	844087.023	849028.61	813191.496	884420.913	71229.4165	0	0	0	839594	0	0	3
670	42	0	0.881578947	847021.61	849002.545	813191.496	884420.913	71229.4165	0	0	0	842597	0	0	3
675	42	0	0.888157895	847406.683	849155.802	813191.496	884420.913	71229.4165	0	0	0	843007	0	0	3
680	42	0	0.894736842	844509.462	849415.727	813191.496	884420.913	71229.4165	0	0	0	840038	0	0	3
685	43	0	0.901315789	837733.382	849264.008	813191.496	884420.913	71229.4165	0	0	0	833334	0	0	3
690	43	0	0.907894737	833811.094	849917.529	815629.279	884420.913	68791.6341	0	0	0	829309	0	0	3
695	43	0	0.914473684	833676.059	850154.987	823069.188	884420.913	61351.725	0	0	0	829268	0	0	3
700	44	0	0.921052632	839693.655	850178.141	823069.188	884420.913	61351.725	0	0	0	835179	0	0	3
705	44	0	0.927631579	848176.422	850163.35	823069.188	884420.913	61351.725	0	0	0	843746	0	0	3
710	45	0	0.934210526	853691.841	850286.619	823069.188	884420.913	61351.725	0	0	0	849287	0	0	3
715	45	0	0.940789474	853031.599	850501.686	823069.188	884420.913	61351.725	0	0	0	848550	0	0	3
720	62	0	0.947368421	852325.022	850525.365	823069.188	884420.913	61351.725	0	0	0	847929	0	0	3
725	63	0	0.953947368	848297.445	850994.161	823069.188	884420.913	61351.725	0	0	0	843742	0	0	3
730	63	0	0.960526316	840686.456	851103.473	823069.188	884420.913	61351.725	0	0	0	836284	0	0	3
735	64	0	0.967105263	836145.201	850909.209	823069.188	884420.913	61351.725	0	0	0	831602	0	0	3
740	64	0	0.973684211	834779.37	851324.339	829758.122	884420.913	54662.7906	0	0	0	830356	0	0	3
745	65	0	0.980263158	838206.5	851230.55	829758.122	884420.913	54662.7906	0	0	0	833805	0	0	3
750	65	0	0.986842105	846264.443	851166.055	829758.122	884420.913	54662.7906	0	0	0	841782	0	0	3
755	66	0	0.993421053	852234.306	851369.737	829758.122	884420.913	54662.7906	0	0	0	847829	0	0	3
760	66	0	1	852430.848	851565.462	829758.122	884420.913	54662.7906	64542.8034	0	100	847852	0	0	3
765	66	0	1.00657895	853292.923	851652.193	829758.122	884420.913	54662.7906	64542.8034	0	100	848878	0	0	3
770	67	0	1.01315789	848496.711	851611.212	829758.122	884420.913	54662.7906	64542.8034	0	100	843898	0	0	3
775	67	0	1.01973684	841008.982	851554.951	829758.122	884420.913	54662.7906	64542.8034	0	100	836558	0	0	3
780	68	0	1.02631579	836959.848	851781.307	829758.122	884420.913	54662.7906	64542.8034	0	100	832556	0	0	3
785	78	0	1.03289474	839571.074	851744.618	829758.122	884420.913	54662.7906	64542.8034	0	100	835055	0	0	3
790	79	0	1.03947368	841722.823	851713.437	829758.122	884420.913	54662.7906	64542.8034	0	100	837332	0	0	3
795	79	0	1.04605263	849388.792	851850.17	829758.122	884420.913	54662.7906	64542.8034	0	100	844827	0	0	3
800	80	0	1.05263158	852309.97	851856.141	829758.122	884420.913	54662.7906	64542.8034	0	100	847905	0	0	3
805	80	0	1.05921053	850092.168	851942.037	829758.122	884420.913	52218.6356	64542.8034	0	100	845681	0	0	3
810	81	0	1.06578947	839667.535	851799.829	829758.122	884420.913	48618.9899	64542.8034	0	100	835209	0	0	3
815	81	0	1.07236842	833566.608	851666.677	829758.122	884420.913	42905.5744	64542.8034	0	100	829168	0	0	3
