Iteration	CPUTime	PhysTime	Travels	Value	AvValue	MinValue	MaxValue	Delta	Criteria	Progress	dGMaxMin	CriteriaType	CriteriaVarType	CriteriaPercentage
1	1	0	0.00131578947	1.36631161	1.36631161	1.36631161	1.36631161	0	0	0	0	0.282314	0	0	3
5	1	0	0.00657894737	1.82248099	1.5943963	1.36631161	1.82248099	0.228084693	0	0	0	1.11127	0	0	3
10	1	0	0.0131578947	2.22821068	1.80566776	1.36631161	2.22821068	0.439356154	0	0	0	1.80825	0	0	3
15	1	0	0.0197368421	2.56620697	1.99580256	1.36631161	2.56620697	0.629490955	0	0	0	2.31819	0	0	3
20	1	0	0.0263157895	2.87076941	2.17079593	1.36631161	2.87076941	0.804484326	0	0	0	2.72415	0	0	3
25	2	0	0.0328947368	3.1319126	2.33098204	1.36631161	3.1319126	0.964670437	0	0	0	3.04527	0	0	3
30	2	0	0.0394736842	3.34056272	2.47520786	1.36631161	3.34056272	1.10889625	0	0	0	3.28938	0	0	3
35	2	0	0.0460526316	3.46895151	2.59942581	1.36631161	3.46895151	1.23311421	0	0	0	3.43851	0	0	3
40	2	0	0.0526315789	3.53536427	2.70341897	1.36631161	3.53536427	1.33710737	0	0	0	3.51739	0	0	3
45	2	0	0.0592105263	3.5523872	2.7883158	1.36631161	3.5523872	1.42200419	0	0	0	3.54124	0	0	3
50	3	0	0.0657894737	3.52437413	2.85523019	1.36631161	3.5523872	1.48891858	0	0	0	3.51655	0	0	3
55	3	0	0.0723684211	3.49991912	2.90895427	1.36631161	3.5523872	1.54264266	0	0	0	3.48896	0	0	3
60	3	0	0.0789473684	3.47506229	2.95250104	1.36631161	3.5523872	1.58618943	0	0	0	3.46422	0	0	3
65	3	0	0.0855263158	3.46297921	2.98896376	1.36631161	3.5523872	1.62265216	0	0	0	3.45367	0	0	3
70	3	0	0.0921052632	3.41458913	3.01733879	1.36631161	3.5523872	1.65102718	0	0	0	3.40461	0	0	3
75	3	0	0.0986842105	3.42133012	3.04258825	1.36631161	3.5523872	1.67627664	0	0	0	3.40824	0	0	3
80	4	0	0.105263158	3.36864752	3.0617682	1.36631161	3.5523872	1.6954566	0	0	0	3.35039	0	0	3
85	4	0	0.111842105	3.38961411	3.07998187	1.36631161	3.5523872	1.71367026	0	0	0	3.36528	0	0	3
90	4	0	0.118421053	3.45616777	3.09978112	1.36631161	3.5523872	1.73346952	0	0	0	3.4285	0	0	3
95	4	0	0.125	3.58093902	3.12383902	1.36631161	3.58093902	1.75752741	0	0	0	3.55089	0	0	3
100	4	0	0.131578947	3.67406461	3.15004024	1.36631161	3.67406461	1.78372863	0	0	0	3.64231	0	0	3
105	5	0	0.138157895	3.68791409	3.17448905	1.36631161	3.68791409	1.80817744	0	0	0	3.65626	0	0	3
110	5	0	0.144736842	3.75592537	3.19976889	1.36631161	3.75592537	1.83345728	0	0	0	3.7242	0	0	3
115	5	0	0.151315789	3.78283211	3.22406319	1.36631161	3.78283211	1.85775158	0	0	0	3.75088	0	0	3
120	5	0	0.157894737	3.81047513	3.24751967	1.36631161	3.81047513	1.88120806	0	0	0	3.77821	0	0	3
125	5	0	0.164473684	3.90865583	3.27294798	1.36631161	3.90865583	1.90663637	0	0	0	3.87605	0	0	3
130	6	0	0.171052632	3.9580816	3.2983233	1.36631161	3.9580816	1.93201169	0	0	0	3.92509	0	0	3
135	6	0	0.177631579	4.00087859	3.32341456	1.36631161	4.00087859	1.95710295	0	0	0	3.96747	0	0	3
140	6	0	0.184210526	4.04400121	3.34826238	1.36631161	4.04400121	1.98195077	0	0	0	4.01016	0	0	3
145	6	0	0.190789474	4.04933087	3.37163133	1.36631161	4.04933087	2.00531972	0	0	0	4.01505	0	0	3
150	6	0	0.197368421	4.08346227	3.39459361	1.36631161	4.08346227	2.02828201	0	0	0	4.04868	0	0	3
155	7	0	0.203947368	4.07200512	3.41576272	1.36631161	4.08346227	2.04945112	0	0	0	4.03675	0	0	3
160	7	0	0.210526316	4.0739999	3.4357093	1.36631161	4.08346227	2.0693977	0	0	0	4.03821	0	0	3
165	7	0	0.217105263	4.05551287	3.45393882	1.36631161	4.08346227	2.08762721	0	0	0	4.01914	0	0	3
170	7	0	0.223684211	4.09737325	3.47232266	1.36631161	4.09737325	2.10601106	0	0	0	4.06028	0	0	3
175	7	0	0.230263158	4.09846811	3.48971559	1.36631161	4.09846811	2.12340398	0	0	0	4.06058	0	0	3
180	8	0	0.236842105	4.06907291	3.5053739	1.36631161	4.09846811	2.13906229	0	0	0	4.03024	0	0	3
185	8	0	0.243421053	4.07229965	3.520293	1.36631161	4.09846811	2.15398139	0	0	0	4.03227	0	0	3
190	8	0	0.25	4.10630471	3.53531894	1.36631161	4.10630471	2.16900733	0	0	0	4.06503	0	0	3
195	8	0	0.256578947	4.10532096	3.54956899	1.36631161	4.10630471	2.18325738	0	0	0	4.06285	0	0	3
200	9	0	0.263157895	4.07958703	3.56249626	1.36631161	4.10630471	2.19618465	0	0	0	4.03596	0	0	3
205	9	0	0.269736842	4.0422686	3.57391941	1.36631161	4.10630471	2.2076078	0	0	0	3.99751	0	0	3
210	9	0	0.276315789	4.0784453	3.58565257	1.36631161	4.10630471	2.21934096	0	0	0	4.03262	0	0	3
215	9	0	0.282894737	4.07114812	3.59668656	1.36631161	4.10630471	2.23037495	0	0	0	4.02432	0	0	3
220	9	0	0.289473684	4.04590432	3.60666917	1.36631161	4.10630471	2.24035757	0	0	0	3.99819	0	0	3
225	10	0	0.296052632	4.01582113	3.61556378	1.36631161	4.10630471	2.24925218	0	0	0	3.96735	0	0	3
230	10	0	0.302631579	4.07545072	3.62534861	1.36631161	4.10630471	2.259037	0	0	0	4.02667	0	0	3
235	10	0	0.309210526	4.14120033	3.63609552	1.36631161	4.14120033	2.26978392	0	0	0	4.09203	0	0	3
240	10	0	0.315789474	4.14014779	3.6463823	1.36631161	4.14120033	2.2800707	0	0	0	4.09092	0	0	3
245	10	0	0.322368421	4.11040742	3.65566281	1.36631161	4.14120033	2.2893512	0	0	0	4.06082	0	0	3
250	11	0	0.328947368	4.09095169	3.66419788	1.36631161	4.14120033	2.29788628	0	0	0	4.04125	0	0	3
255	11	0	0.335526316	4.05920855	3.67179424	1.36631161	4.14120033	2.30548263	0	0	0	4.00895	0	0	3
260	11	0	0.342105263	4.02723852	3.67850074	1.36631161	4.14120033	2.31218913	0	0	0	3.97691	0	0	3
265	11	0	0.348684211	3.99384273	3.6843404	1.36631161	4.14120033	2.3180288	0	0	0	3.94299	0	0	3
270	11	0	0.355263158	3.96374767	3.68942054	1.36631161	4.14120033	2.32310893	0	0	0	3.91269	0	0	3
275	12	0	0.361842105	3.94101747	3.69391334	1.36631161	4.14120033	2.32760173	0	0	0	3.88954	0	0	3
280	12	0	0.368421053	3.96970924	3.69875186	1.36631161	4.14120033	2.33244026	0	0	0	3.91808	0	0	3
285	12	0	0.375	3.98962717	3.70376695	1.36631161	4.14120033	2.33745535	0	0	0	3.93742	0	0	3
290	12	0	0.381578947	3.97529984	3.70836921	1.36631161	4.14120033	2.3420576	0	0	0	3.92285	0	0	3
295	12	0	0.388157895	4.03901638	3.71387999	1.36631161	4.14120033	2.34756839	0	0	0	3.98626	0	0	3
300	12	0	0.394736842	4.06189636	3.71958518	1.36631161	4.14120033	2.35327357	0	0	0	4.00855	0	0	3
305	13	0	0.401315789	4.04951667	3.72490665	1.36631161	4.14120033	2.35859505	0	0	0	3.99596	0	0	3
310	13	0	0.407894737	4.0204753	3.72959822	1.36631161	4.14120033	2.36328661	0	0	0	3.96609	0	0	3
315	13	0	0.414473684	3.99206936	3.73369933	1.36631161	4.14120033	2.36738772	0	0	0	3.93761	0	0	3
320	13	0	0.421052632	3.98303506	3.73753527	1.36631161	4.14120033	2.37122366	0	0	0	3.92788	0	0	3
325	13	0	0.427631579	4.01535871	3.74174471	1.36631161	4.14120033	2.37543311	0	0	0	3.95983	0	0	3
330	14	0	0.434210526	3.99599637	3.74553951	1.36631161	4.14120033	2.37922791	0	0	0	3.93992	0	0	3
335	14	0	0.440789474	4.01662646	3.74952609	1.36631161	4.14120033	2.38321448	0	0	0	3.96034	0	0	3
340	14	0	0.447368421	4.08384609	3.7543713	1.36631161	4.14120033	2.3880597	0	0	0	4.02684	0	0	3
345	14	0	0.453947368	4.11128184	3.75947002	1.36631161	4.14120033	2.39315842	0	0	0	4.05396	0	0	3
350	15	0	0.460526316	4.09643403	3.764216	1.36631161	4.14120033	2.39790439	0	0	0	4.03871	0	0	3
355	15	0	0.467105263	4.0600699	3.76832508	1.36631161	4.14120033	2.40201347	0	0	0	4.00168	0	0	3
360	15	0	0.473684211	4.11432743	3.77306484	1.36631161	4.14120033	2.40675323	0	0	0	4.05563	0	0	3
365	15	0	0.480263158	4.14409047	3.7780787	1.36631161	4.14409047	2.41176709	0	0	0	4.08444	0	0	3
370	15	0	0.486842105	4.14020725	3.78290708	1.36631161	4.14409047	2.41659547	0	0	0	4.08039	0	0	3
375	16	0	0.493421053	4.11270423	3.78724651	1.36631161	4.14409047	2.42093491	0	0	0	4.05216	0	0	3
380	16	0	0.5	4.1247533	3.79162972	1.36631161	4.14409047	2.42531811	0	0	0	4.06376	0	0	3
385	16	0	0.506578947	4.15604423	3.82786001	1.82248099	4.15604423	2.23346371	0	0	0	4.09454	0	0	3
390	16	0	0.513157895	4.14740699	3.87949916	2.56620697	4.15604423	1.58983726	0	0	0	4.08561	0	0	3
395	16	0	0.519736842	4.11606407	3.89989202	2.87076941	4.15604423	1.28527481	0	0	0	4.0535	0	0	3
400	17	0	0.526315789	4.1024069	3.91609777	3.1319126	4.15604423	1.02413162	0	0	0	4.03969	0	0	3
405	17	0	0.532894737	4.13368726	3.92927902	3.34056272	4.15604423	0.815481504	0	0	0	4.07045	0	0	3
410	17	0	0.539473684	4.13785353	3.93976969	3.36864752	4.15604423	0.78739671	0	0	0	4.07391	0	0	3
415	17	0	0.546052632	4.11824458	3.94831302	3.36864752	4.15604423	0.78739671	0	0	0	4.05416	0	0	3
420	18	0	0.552631579	4.13192269	3.95616247	3.36864752	4.15604423	0.78739671	0	0	0	4.06712	0	0	3
425	18	0	0.559210526	4.16716837	3.9642517	3.36864752	4.16716837	0.798520852	0	0	0	4.10211	0	0	3
430	18	0	0.565789474	4.16063171	3.97262351	3.36864752	4.16716837	0.798520852	0	0	0	4.09503	0	0	3
435	18	0	0.572368421	4.13252403	3.97470014	3.36864752	4.16716837	0.798520852	0	0	0	4.06643	0	0	3
440	18	0	0.578947368	4.10068309	3.98917911	3.36864752	4.16716837	0.798520852	0	0	0	4.03448	0	0	3
445	18	0	0.585526316	4.1256415	3.99789835	3.36864752	4.16716837	0.798520852	0	0	0	4.05887	0	0	3
450	19	0	0.592105263	4.12855061	3.99959513	3.36864752	4.16716837	0.798520852	0	0	0	4.06194	0	0	3
455	19	0	0.598684211	4.11792184	4.01645826	3.36864752	4.16716837	0.798520852	0	0	0	4.05054	0	0	3
460	19	0	0.605263158	4.17327127	4.02704541	3.38961411	4.17327127	0.783657166	0	0	0	4.10548	0	0	3
465	20	0	0.611842105	4.21835749	4.02952999	3.38961411	4.21835749	0.828743385	0	0	0	4.15043	0	0	3
470	20	0	0.618421053	4.20995976	4.04786825	3.58093902	4.21835749	0.637418474	0	0	0	4.14104	0	0	3
475	20	0	0.625	4.18792639	4.05585492	3.67406461	4.21835749	0.544292878	0	0	0	4.11858	0	0	3
480	20	0	0.631578947	4.15533747	4.06218746	3.68791409	4.21835749	0.530443404	0	0	0	4.08566	0	0	3
485	20	0	0.638157895	4.16795147	4.06850374	3.75592537	4.21835749	0.462432126	0	0	0	4.09839	0	0	3
490	21	0	0.644736842	4.16331607	4.07386415	3.78283211	4.21835749	0.435525385	0	0	0	4.0935	0	0	3
495	21	0	0.651315789	4.19104053	4.07923531	3.81047513	4.21835749	0.407882365	0	0	0	4.12109	0	0	3
500	21	0	0.657894737	4.21525238	4.08456133	3.90865583	4.21835749	0.309701659	0	0	0	4.14456	0	0	3
505	21	0	0.664473684	4.20753997	4.08849401	3.94101747	4.21835749	0.277340025	0	0	0	4.13641	0	0	3
510	21	0	0.671052632	4.20289441	4.09171524	3.94101747	4.21835749	0.277340025	0	0	0	4.13124	0	0	3
515	22	0	0.677631579	4.19743415	4.09430149	3.94101747	4.21835749	0.277340025	0	0	0	4.12503	0	0	3
520	22	0	0.684210526	4.17331211	4.09600295	3.94101747	4.21835749	0.277340025	0	0	0	4.10097	0	0	3
525	22	0	0.690789474	4.18903518	4.09784117	3.94101747	4.21835749	0.277340025	0	0	0	4.11681	0	0	3
530	22	0	0.697368421	4.22167142	4.09944935	3.94101747	4.22167142	0.280653957	0	0	0	4.14942	0	0	3
535	22	0	0.703947368	4.23114665	4.10175368	3.94101747	4.23114665	0.290129186	0	0	0	4.15881	0	0	3
540	25	0	0.710526316	4.21700006	4.10363526	3.94101747	4.23114665	0.290129186	0	0	0	4.14375	0	0	3
545	25	0	0.717105263	4.19842297	4.10486627	3.94101747	4.23114665	0.290129186	0	0	0	4.12455	0	0	3
550	25	0	0.723684211	4.17408849	4.10652506	3.94101747	4.23114665	0.290129186	0	0	0	4.0995	0	0	3
555	25	0	0.730263158	4.16490973	4.1073993	3.94101747	4.23114665	0.290129186	0	0	0	4.09044	0	0	3
560	26	0	0.736842105	4.156015	4.10854327	3.94101747	4.23114665	0.290129186	0	0	0	4.08166	0	0	3
565	26	0	0.743421053	4.16652391	4.10978306	3.94101747	4.23114665	0.290129186	0	0	0	4.09218	0	0	3
570	26	0	0.75	4.16661433	4.11057661	3.94101747	4.23114665	0.290129186	0	0	0	4.09169	0	0	3
575	26	0	0.756578947	4.15611838	4.11116806	3.94101747	4.23114665	0.290129186	0	0	0	4.08145	0	0	3
580	27	0	0.763157895	4.15137405	4.11218956	3.94101747	4.23114665	0.290129186	0	0	0	4.07617	0	0	3
585	27	0	0.769736842	4.14172837	4.11349824	3.94101747	4.23114665	0.290129186	0	0	0	4.06557	0	0	3
590	27	0	0.776315789	4.13050296	4.11371909	3.94101747	4.23114665	0.290129186	0	0	0	4.05434	0	0	3
595	28	0	0.782894737	4.14209111	4.11511667	3.94101747	4.23114665	0.290129186	0	0	0	4.06607	0	0	3
600	28	0	0.789473684	4.14257264	4.11638863	3.94101747	4.23114665	0.290129186	0	0	0	4.06656	0	0	3
605	28	0	0.796052632	4.14074434	4.11803235	3.94101747	4.23114665	0.290129186	0	0	0	4.06451	0	0	3
610	28	0	0.802631579	4.1405137	4.11888844	3.94101747	4.23114665	0.290129186	0	0	0	4.06345	0	0	3
615	29	0	0.809210526	4.14752813	4.1189717	3.94101747	4.23114665	0.290129186	0	0	0	4.06996	0	0	3
620	29	0	0.815789474	4.1283789	4.11881685	3.94101747	4.23114665	0.290129186	0	0	0	4.0506	0	0	3
625	29	0	0.822368421	4.07808906	4.11828792	3.94101747	4.23114665	0.290129186	0	0	0	4.0007	0	0	3
630	39	0	0.828947368	4.07193674	4.11814141	3.94101747	4.23114665	0.290129186	0	0	0	3.99411	0	0	3
635	39	0	0.835526316	4.07927613	4.11840546	3.94101747	4.23114665	0.290129186	0	0	0	4.00195	0	0	3
640	39	0	0.842105263	4.06357543	4.11769338	3.94101747	4.23114665	0.290129186	0	0	0	3.98605	0	0	3
645	40	0	0.848684211	4.02481406	4.11929109	3.94101747	4.23114665	0.290129186	0	0	0	3.94658	0	0	3
650	40	0	0.855263158	3.97620878	4.11945506	3.94101747	4.23114665	0.290129186	0	0	0	3.89756	0	0	3
655	41	0	0.861842105	3.97443538	4.11757168	3.94101747	4.23114665	0.290129186	0	0	0	3.89554	0	0	3
660	41	0	0.868421053	3.97415727	4.11995329	3.97415727	4.23114665	0.256989378	0	0	0	3.89575	0	0	3
665	41	0	0.875	3.95625565	4.11951419	3.95625565	4.23114665	0.274890999	0	0	0	3.87777	0	0	3
670	42	0	0.881578947	3.9267296	4.1170105	3.9267296	4.23114665	0.304417052	0	0	0	3.84851	0	0	3
675	42	0	0.888157895	3.9073631	4.11714283	3.9073631	4.23114665	0.323783553	0	0	0	3.82871	0	0	3
680	42	0	0.894736842	3.90881118	4.11512855	3.9073631	4.23114665	0.323783553	0	0	0	3.82944	0	0	3
685	43	0	0.901315789	3.88882624	4.11218956	3.88882624	4.23114665	0.342320408	0	0	0	3.80936	0	0	3
690	43	0	0.907894737	3.84980006	4.11076848	3.84980006	4.23114665	0.38134659	0	0	0	3.77037	0	0	3
695	43	0	0.914473684	3.87184469	4.10918657	3.84980006	4.23114665	0.38134659	0	0	0	3.79292	0	0	3
700	44	0	0.921052632	3.91183223	4.1082497	3.84980006	4.23114665	0.378208581	0	0	0	3.83308	0	0	3
705	44	0	0.927631579	3.94561353	4.107332	3.84980006	4.23114665	0.37441378	0	0	0	3.86695	0	0	3
710	45	0	0.934210526	3.95870579	4.10684133	3.84980006	4.23114665	0.370427207	0	0	0	3.87965	0	0	3
715	45	0	0.940789474	3.95045726	4.10597068	3.84980006	4.23114665	0.36558199	0	0	0	3.87065	0	0	3
720	62	0	0.947368421	3.93661465	4.10377125	3.84980006	4.23114665	0.36558199	0	0	0	3.85673	0	0	3
725	63	0	0.953947368	3.91065089	4.10139355	3.84980006	4.23114665	0.355737296	0	0	0	3.83082	0	0	3
730	63	0	0.960526316	3.88444004	4.09860415	3.84980006	4.23114665	0.351628214	0	0	0	3.80515	0	0	3
735	64	0	0.967105263	3.87945409	4.09575805	3.84980006	4.23114665	0.351628214	0	0	0	3.80032	0	0	3
740	64	0	0.973684211	3.89150949	4.09329581	3.84980006	4.23114665	0.341874596	0	0	0	3.81247	0	0	3
745	65	0	0.980263158	3.92004987	4.09034791	3.84980006	4.23114665	0.337046215	0	0	0	3.84059	0	0	3
750	65	0	0.986842105	3.9513473	4.08854271	3.84980006	4.23114665	0.337046215	0	0	0	3.87113	0	0	3
755	66	0	0.993421053	3.9654371	4.08592519	3.84980006	4.23114665	0.328323574	0	0	0	3.8852	0	0	3
760	66	0	1	3.95978339	4.08375453	3.84980006	4.23114665	0.29209328	0.249152376	0	85.2	3.87953	0	0	3
765	66	0	1.00657895	3.95010701	4.08104483	3.84980006	4.23114665	0.240454131	0.249152376	0	100	3.87033	0	0	3
770	67	0	1.01315789	3.92285066	4.07899036	3.84980006	4.23114665	0.240454131	0.249152376	0	100	3.84336	0	0	3
775	67	0	1.01973684	3.89844	4.07575702	3.84980006	4.23114665	0.220061274	0.249152376	0	100	3.81827	0	0	3
780	68	0	1.02631579	3.91250102	4.0727279	3.84980006	4.23114665	0.190674273	0.249152376	0	100	3.83201	0	0	3
785	78	0	1.03289474	3.93289011	4.07008584	3.84980006	4.23114665	0.180183604	0.249152376	0	100	3.85199	0	0	3
790	79	0	1.03947368	3.93774588	4.06745284	3.84980006	4.23114665	0.171640274	0.249152376	0	100	3.85727	0	0	3
795	79	0	1.04605263	3.96144592	4.0653897	3.84980006	4.23114665	0.163790821	0.249152376	0	100	3.88119	0	0	3
800	80	0	1.05263158	3.96432327	4.06407715	3.84980006	4.23114665	0.163790821	0.249152376	0	100	3.88445	0	0	3
805	80	0	1.05921053	3.94873288	4.06169806	3.84980006	4.23114665	0.155701595	0.249152376	0	100	3.86917	0	0	3
810	81	0	1.06578947	3.90411489	4.05693507	3.84980006	4.23114665	0.145253155	0.249152376	0	100	3.82382	0	0	3
815	81	0	1.07236842	3.9093204	4.05399818	3.84980006	4.23114665	0.130774184	0.249152376	0	100	3.82864	0	0	3
