Iteration	CPUTime	PhysTime	Travels	Value	AvValue	MinValue	MaxValue	Delta	Criteria	Progress	dGMaxMin	CriteriaType	CriteriaVarType	CriteriaPercentage
1	1	0	0.00131578947	1029.50456	1029.50456	1029.50456	1029.50456	0	0	0	0	1029.5	0	0	3
5	1	0	0.00657894737	1031.14748	1030.32602	1029.50456	1031.14748	0.821459021	0	0	0	1031.15	0	0	3
10	1	0	0.0131578947	1037.64423	1032.76542	1029.50456	1037.64423	3.26086263	0	0	0	1037.64	0	0	3
15	1	0	0.0197368421	1034.74724	1033.26087	1029.50456	1037.64423	3.75631746	0	0	0	1034.75	0	0	3
20	1	0	0.0263157895	1034.38825	1033.48635	1029.50456	1037.64423	3.98179322	0	0	0	1034.39	0	0	3
25	2	0	0.0328947368	1029.50456	1032.82272	1029.50456	1037.64423	3.98179322	0	0	0	1029.5	0	0	3
30	2	0	0.0394736842	1049.94342	1035.26853	1029.50456	1049.94342	5.76397521	0	0	0	1049.94	0	0	3
35	2	0	0.0460526316	1088.59259	1041.93404	1029.50456	1088.59259	12.4294822	0	0	0	1088.59	0	0	3
40	2	0	0.0526315789	1102.46685	1048.65991	1029.50456	1102.46685	19.1553498	0	0	0	1102.47	0	0	3
45	2	0	0.0592105263	1114.28004	1055.22192	1029.50456	1114.28004	25.717363	0	0	0	1114.28	0	0	3
50	3	0	0.0657894737	1122.82768	1061.3679	1029.50456	1122.82768	31.8633408	0	0	0	1122.83	0	0	3
55	3	0	0.0723684211	1128.17768	1066.93538	1029.50456	1128.17768	37.4308226	0	0	0	1128.18	0	0	3
60	3	0	0.0789473684	1129.98304	1071.7852	1029.50456	1129.98304	42.2806422	0	0	0	1129.98	0	0	3
65	3	0	0.0855263158	1130.23372	1075.96009	1029.50456	1130.23372	46.4555365	0	0	0	1130.23	0	0	3
70	3	0	0.0921052632	1129.65305	1079.53962	1029.50456	1130.23372	50.035067	0	0	0	1129.65	0	0	3
75	3	0	0.0986842105	1129.08436	1082.63617	1029.50456	1130.23372	53.1316131	0	0	0	1129.08	0	0	3
80	4	0	0.105263158	1129.08711	1085.36858	1029.50456	1130.23372	55.8640215	0	0	0	1129.09	0	0	3
85	4	0	0.111842105	1128.82784	1087.78298	1029.50456	1130.23372	58.2784252	0	0	0	1128.83	0	0	3
90	4	0	0.118421053	1129.32428	1089.96937	1029.50456	1130.23372	60.4648092	0	0	0	1129.32	0	0	3
95	4	0	0.125	1129.02038	1091.92192	1029.50456	1130.23372	62.4173596	0	0	0	1129.02	0	0	3
100	4	0	0.131578947	1132.38518	1093.84874	1029.50456	1132.38518	64.3441817	0	0	0	1132.39	0	0	3
105	5	0	0.138157895	1135.20177	1095.72842	1029.50456	1135.20177	66.2238647	0	0	0	1135.2	0	0	3
110	5	0	0.144736842	1137.03393	1097.52431	1029.50456	1137.03393	68.0197566	0	0	0	1137.03	0	0	3
115	5	0	0.151315789	1138.85853	1099.24657	1029.50456	1138.85853	69.7420156	0	0	0	1138.86	0	0	3
120	5	0	0.157894737	1140.40711	1100.89299	1029.50456	1140.40711	71.3884372	0	0	0	1140.41	0	0	3
125	5	0	0.164473684	1141.43279	1102.45222	1029.50456	1141.43279	72.94766	0	0	0	1141.43	0	0	3
130	6	0	0.171052632	1141.59051	1103.90178	1029.50456	1141.59051	74.3972263	0	0	0	1141.59	0	0	3
135	6	0	0.177631579	1141.59704	1105.24804	1029.50456	1141.59704	75.7434855	0	0	0	1141.6	0	0	3
140	6	0	0.184210526	1142.35037	1106.52743	1029.50456	1142.35037	77.022876	0	0	0	1142.35	0	0	3
145	6	0	0.190789474	1143.61309	1107.76362	1029.50456	1143.61309	78.2590645	0	0	0	1143.61	0	0	3
150	6	0	0.197368421	1144.82138	1108.95903	1029.50456	1144.82138	79.454476	0	0	0	1144.82	0	0	3
155	7	0	0.203947368	1145.96708	1110.11553	1029.50456	1145.96708	80.6109776	0	0	0	1145.97	0	0	3
160	7	0	0.210526316	1147.07392	1111.23549	1029.50456	1147.07392	81.7309287	0	0	0	1147.07	0	0	3
165	7	0	0.217105263	1148.08201	1112.31921	1029.50456	1148.08201	82.81465	0	0	0	1148.08	0	0	3
170	7	0	0.223684211	1149.28434	1113.37535	1029.50456	1149.28434	83.8707967	0	0	0	1149.28	0	0	3
175	7	0	0.230263158	1150.42037	1114.40438	1029.50456	1150.42037	84.8998249	0	0	0	1150.42	0	0	3
180	8	0	0.236842105	1151.50735	1115.40716	1029.50456	1151.50735	85.9026079	0	0	0	1151.51	0	0	3
185	8	0	0.243421053	1152.05793	1116.37166	1029.50456	1152.05793	86.8671016	0	0	0	1152.06	0	0	3
190	8	0	0.25	1152.75214	1117.30449	1029.50456	1152.75214	87.7999346	0	0	0	1152.75	0	0	3
195	8	0	0.256578947	1153.46659	1118.20854	1029.50456	1153.46659	88.7039871	0	0	0	1153.47	0	0	3
200	9	0	0.263157895	1153.63017	1119.07249	1029.50456	1153.63017	89.5679292	0	0	0	1153.63	0	0	3
205	9	0	0.269736842	1154.14593	1119.90757	1029.50456	1154.14593	90.4030113	0	0	0	1154.15	0	0	3
210	9	0	0.276315789	1154.38324	1120.70933	1029.50456	1154.38324	91.2047711	0	0	0	1154.38	0	0	3
215	9	0	0.282894737	1155.01781	1121.48907	1029.50456	1155.01781	91.9845094	0	0	0	1155.02	0	0	3
220	9	0	0.289473684	1155.11269	1122.23626	1029.50456	1155.11269	92.7317011	0	0	0	1155.11	0	0	3
225	10	0	0.296052632	1155.74014	1122.9646	1029.50456	1155.74014	93.4600463	0	0	0	1155.74	0	0	3
230	10	0	0.302631579	1155.92459	1123.66588	1029.50456	1155.92459	94.1613226	0	0	0	1155.92	0	0	3
235	10	0	0.309210526	1156.35638	1124.34693	1029.50456	1156.35638	94.8423746	0	0	0	1156.36	0	0	3
240	10	0	0.315789474	1156.49642	1125.00304	1029.50456	1156.49642	95.4984867	0	0	0	1156.5	0	0	3
245	10	0	0.322368421	1156.96759	1125.64233	1029.50456	1156.96759	96.1377776	0	0	0	1156.97	0	0	3
250	11	0	0.328947368	1157.10253	1126.2592	1029.50456	1157.10253	96.7546441	0	0	0	1157.1	0	0	3
255	11	0	0.335526316	1157.63269	1126.86254	1029.50456	1157.63269	97.3579804	0	0	0	1157.63	0	0	3
260	11	0	0.342105263	1157.81171	1127.44648	1029.50456	1157.81171	97.9419271	0	0	0	1157.81	0	0	3
265	11	0	0.348684211	1158.22367	1128.01643	1029.50456	1158.22367	98.511875	0	0	0	1158.22	0	0	3
270	11	0	0.355263158	1158.64083	1128.57324	1029.50456	1158.64083	99.0686823	0	0	0	1158.64	0	0	3
275	12	0	0.361842105	1158.85024	1129.1139	1029.50456	1158.85024	99.609343	0	0	0	1158.85	0	0	3
280	12	0	0.368421053	1159.17411	1129.64127	1029.50456	1159.17411	100.136715	0	0	0	1159.17	0	0	3
285	12	0	0.375	1159.21468	1130.15116	1029.50456	1159.21468	100.646601	0	0	0	1159.21	0	0	3
290	12	0	0.381578947	1159.40002	1130.6469	1029.50456	1159.40002	101.142345	0	0	0	1159.4	0	0	3
295	12	0	0.388157895	1159.57803	1131.12909	1029.50456	1159.57803	101.62453	0	0	0	1159.58	0	0	3
300	12	0	0.394736842	1159.83592	1131.59969	1029.50456	1159.83592	102.095134	0	0	0	1159.84	0	0	3
305	13	0	0.401315789	1160.06087	1132.05874	1029.50456	1160.06087	102.554186	0	0	0	1160.06	0	0	3
310	13	0	0.407894737	1160.13108	1132.50434	1029.50456	1160.13108	102.999778	0	0	0	1160.13	0	0	3
315	13	0	0.414473684	1159.63249	1132.92821	1029.50456	1160.13108	103.423656	0	0	0	1159.63	0	0	3
320	13	0	0.421052632	1159.31009	1133.33409	1029.50456	1160.13108	103.829531	0	0	0	1159.31	0	0	3
325	13	0	0.427631579	1158.92568	1133.72184	1029.50456	1160.13108	104.217282	0	0	0	1158.93	0	0	3
330	14	0	0.434210526	1158.38007	1134.08987	1029.50456	1160.13108	104.585315	0	0	0	1158.38	0	0	3
335	14	0	0.440789474	1158.09626	1134.44291	1029.50456	1160.13108	104.938351	0	0	0	1158.1	0	0	3
340	14	0	0.447368421	1158.04776	1134.78501	1029.50456	1160.13108	105.28045	0	0	0	1158.05	0	0	3
345	14	0	0.453947368	1158.37522	1135.12201	1029.50456	1160.13108	105.617453	0	0	0	1158.38	0	0	3
350	15	0	0.460526316	1158.59008	1135.45255	1029.50456	1160.13108	105.947989	0	0	0	1158.59	0	0	3
355	15	0	0.467105263	1158.90586	1135.77829	1029.50456	1160.13108	106.27373	0	0	0	1158.91	0	0	3
360	15	0	0.473684211	1159.17485	1136.09879	1029.50456	1160.13108	106.59423	0	0	0	1159.17	0	0	3
365	15	0	0.480263158	1159.50829	1136.41513	1029.50456	1160.13108	106.910575	0	0	0	1159.51	0	0	3
370	15	0	0.486842105	1159.78615	1136.72675	1029.50456	1160.13108	107.222189	0	0	0	1159.79	0	0	3
375	16	0	0.493421053	1160.05805	1137.03374	1029.50456	1160.13108	107.529179	0	0	0	1160.06	0	0	3
380	16	0	0.5	1160.4104	1137.33733	1029.50456	1160.4104	107.832772	0	0	0	1160.41	0	0	3
385	16	0	0.506578947	1160.76759	1139.04204	1029.50456	1160.76759	108.716028	0	0	0	1160.77	0	0	3
390	16	0	0.513157895	1160.86529	1142.08304	1029.50456	1160.86529	109.260321	0	0	0	1160.87	0	0	3
395	16	0	0.519736842	1160.56403	1143.73852	1029.50456	1160.86529	110.915805	0	0	0	1160.56	0	0	3
400	17	0	0.526315789	1160.07182	1145.39225	1029.50456	1160.86529	112.569536	0	0	0	1160.07	0	0	3
405	17	0	0.532894737	1159.55679	1147.10347	1049.94342	1160.86529	110.921868	0	0	0	1159.56	0	0	3
410	17	0	0.539473684	1159.36391	1148.54321	1088.59259	1160.86529	72.2726973	0	0	0	1159.36	0	0	3
415	17	0	0.546052632	1158.96441	1149.46916	1102.46685	1160.86529	58.3984377	0	0	0	1158.96	0	0	3
420	18	0	0.552631579	1158.5374	1150.20693	1114.28004	1160.86529	46.585247	0	0	0	1158.54	0	0	3
425	18	0	0.559210526	1158.19699	1150.78478	1122.82768	1160.86529	38.0376089	0	0	0	1158.2	0	0	3
430	18	0	0.565789474	1157.7699	1151.24455	1128.17768	1160.86529	32.6876067	0	0	0	1157.77	0	0	3
435	18	0	0.572368421	1157.28908	1151.32305	1128.17768	1160.86529	32.6876067	0	0	0	1157.29	0	0	3
440	18	0	0.578947368	1157.05236	1151.98377	1128.82784	1160.86529	32.0374405	0	0	0	1157.05	0	0	3
445	18	0	0.585526316	1157.17271	1152.33823	1128.82784	1160.86529	32.0374405	0	0	0	1157.17	0	0	3
450	19	0	0.592105263	1156.86381	1152.397	1128.82784	1160.86529	32.0374405	0	0	0	1156.86	0	0	3
455	19	0	0.598684211	1156.34879	1153.05501	1128.82784	1160.86529	32.0374405	0	0	0	1156.35	0	0	3
460	19	0	0.605263158	1156.18088	1153.4115	1128.82784	1160.86529	32.0374405	0	0	0	1156.18	0	0	3
465	20	0	0.611842105	1155.81663	1153.44274	1128.82784	1160.86529	32.0374405	0	0	0	1155.82	0	0	3
470	20	0	0.618421053	1155.7016	1154.11369	1129.02038	1160.86529	31.84491	0	0	0	1155.7	0	0	3
475	20	0	0.625	1155.40303	1154.46083	1132.38518	1160.86529	28.4801059	0	0	0	1155.4	0	0	3
480	20	0	0.631578947	1154.94453	1154.75766	1135.20177	1160.86529	25.663519	0	0	0	1154.94	0	0	3
485	20	0	0.638157895	1154.77669	1155.01523	1137.03393	1160.86529	23.8313517	0	0	0	1154.78	0	0	3
490	21	0	0.644736842	1154.62722	1155.24672	1138.85853	1160.86529	22.0067553	0	0	0	1154.63	0	0	3
495	21	0	0.651315789	1154.41309	1155.45138	1140.40711	1160.86529	20.4581731	0	0	0	1154.41	0	0	3
500	21	0	0.657894737	1154.22878	1155.63325	1141.43279	1160.86529	19.4324987	0	0	0	1154.23	0	0	3
505	21	0	0.664473684	1154.10081	1155.79993	1141.59051	1160.86529	19.2747761	0	0	0	1154.1	0	0	3
510	21	0	0.671052632	1154.12826	1155.9649	1141.59704	1160.86529	19.2682449	0	0	0	1154.13	0	0	3
515	22	0	0.677631579	1154.03944	1156.12862	1142.35037	1160.86529	18.5149179	0	0	0	1154.04	0	0	3
520	22	0	0.684210526	1154.07481	1156.28289	1143.61309	1160.86529	17.2521969	0	0	0	1154.07	0	0	3
525	22	0	0.690789474	1153.94513	1156.41884	1144.82138	1160.86529	16.0439082	0	0	0	1153.95	0	0	3
530	22	0	0.697368421	1153.9414	1156.38666	1144.82138	1160.86529	16.0439082	0	0	0	1153.94	0	0	3
535	22	0	0.703947368	1153.8378	1156.6424	1147.07392	1160.86529	13.7913643	0	0	0	1153.84	0	0	3
540	25	0	0.710526316	1153.76561	1156.73045	1148.08201	1160.86529	12.7832738	0	0	0	1153.77	0	0	3
545	25	0	0.717105263	1153.60526	1156.68986	1148.08201	1160.86529	12.7832738	0	0	0	1153.61	0	0	3
550	25	0	0.723684211	1153.52554	1156.85893	1150.42037	1160.86529	10.4449146	0	0	0	1153.53	0	0	3
555	25	0	0.730263158	1153.49907	1156.89943	1151.50735	1160.86529	9.35793388	0	0	0	1153.5	0	0	3
560	26	0	0.736842105	1153.36028	1156.92382	1152.05793	1160.86529	8.8073572	0	0	0	1153.36	0	0	3
565	26	0	0.743421053	1153.3128	1156.94033	1152.75214	1160.86529	8.11314217	0	0	0	1153.31	0	0	3
570	26	0	0.75	1153.12296	1156.94521	1153.12296	1160.86529	7.74232776	0	0	0	1153.12	0	0	3
575	26	0	0.756578947	1153.14749	1156.89589	1153.12296	1160.86529	7.74232776	0	0	0	1153.15	0	0	3
580	27	0	0.763157895	1153.04174	1156.93326	1153.04174	1160.86529	7.82354532	0	0	0	1153.04	0	0	3
585	27	0	0.769736842	1152.94511	1156.91746	1152.94511	1160.86529	7.92018025	0	0	0	1152.95	0	0	3
590	27	0	0.776315789	1152.89277	1156.8652	1152.89277	1160.86529	7.97251929	0	0	0	1152.89	0	0	3
595	28	0	0.782894737	1152.83431	1156.86912	1152.83431	1160.86529	8.03097884	0	0	0	1152.83	0	0	3
600	28	0	0.789473684	1152.802	1156.83872	1152.802	1160.86529	8.06328836	0	0	0	1152.8	0	0	3
605	28	0	0.796052632	1152.74317	1156.79928	1152.74317	1160.86529	8.12211669	0	0	0	1152.74	0	0	3
610	28	0	0.802631579	1152.71077	1156.757	1152.71077	1160.86529	8.15451756	0	0	0	1152.71	0	0	3
615	29	0	0.809210526	1152.68451	1156.70868	1152.68451	1160.86529	8.18077175	0	0	0	1152.68	0	0	3
620	29	0	0.815789474	1152.66818	1156.65831	1152.66818	1160.86529	8.1971034	0	0	0	1152.67	0	0	3
625	29	0	0.822368421	1152.38091	1156.60276	1152.38091	1160.86529	8.48437588	0	0	0	1152.38	0	0	3
630	39	0	0.828947368	1152.4104	1156.53622	1152.38091	1160.86529	8.48437588	0	0	0	1152.41	0	0	3
635	39	0	0.835526316	1152.20807	1156.46485	1152.20807	1160.86529	8.65721815	0	0	0	1152.21	0	0	3
640	39	0	0.842105263	1152.10864	1156.40827	1152.10864	1160.86529	8.75664723	0	0	0	1152.11	0	0	3
645	40	0	0.848684211	1152.0194	1156.30817	1152.0194	1160.86529	8.84588791	0	0	0	1152.02	0	0	3
650	40	0	0.855263158	1151.79897	1156.21815	1151.79897	1160.86529	9.06631634	0	0	0	1151.8	0	0	3
655	41	0	0.861842105	1151.7876	1156.16061	1151.7876	1160.86529	9.07768163	0	0	0	1151.79	0	0	3
660	41	0	0.868421053	1151.67991	1156.02661	1151.67991	1160.86529	9.18537474	0	0	0	1151.68	0	0	3
665	41	0	0.875	1151.72623	1155.92808	1151.67991	1160.86529	9.18537474	0	0	0	1151.73	0	0	3
670	42	0	0.881578947	1151.63489	1155.87232	1151.63489	1160.86529	9.23039722	0	0	0	1151.63	0	0	3
675	42	0	0.888157895	1151.51433	1155.7198	1151.51433	1160.86529	9.35095158	0	0	0	1151.51	0	0	3
680	42	0	0.894736842	1151.42063	1155.60907	1151.42063	1160.86529	9.44465644	0	0	0	1151.42	0	0	3
685	43	0	0.901315789	1151.41204	1155.55457	1151.41204	1160.86529	9.4532487	0	0	0	1151.41	0	0	3
690	43	0	0.907894737	1151.17192	1155.37739	1151.17192	1160.86529	9.69337009	0	0	0	1151.17	0	0	3
695	43	0	0.914473684	1151.16211	1155.26594	1151.16211	1160.86529	9.70317098	0	0	0	1151.16	0	0	3
700	44	0	0.921052632	1150.99181	1155.15649	1150.99181	1160.86529	9.87347824	0	0	0	1150.99	0	0	3
705	44	0	0.927631579	1150.84897	1155.05021	1150.84897	1160.86529	10.0163193	0	0	0	1150.85	0	0	3
710	45	0	0.934210526	1150.79106	1154.95036	1150.79106	1160.86529	10.0742217	0	0	0	1150.79	0	0	3
715	45	0	0.940789474	1150.60375	1154.85177	1150.60375	1160.86529	10.2615338	0	0	0	1150.6	0	0	3
720	62	0	0.947368421	1150.63321	1154.79699	1150.60375	1160.86529	10.2615338	0	0	0	1150.63	0	0	3
725	63	0	0.953947368	1150.5289	1154.65097	1150.5289	1160.86529	10.3363825	0	0	0	1150.53	0	0	3
730	63	0	0.960526316	1150.55131	1154.5452	1150.5289	1160.86529	10.3363825	0	0	0	1150.55	0	0	3
735	64	0	0.967105263	1150.48552	1154.49248	1150.48552	1160.86529	10.3797606	0	0	0	1150.49	0	0	3
740	64	0	0.973684211	1150.3854	1154.31875	1150.3854	1160.86529	10.4798868	0	0	0	1150.39	0	0	3
745	65	0	0.980263158	1150.34077	1154.19813	1150.34077	1160.86529	10.5245178	0	0	0	1150.34	0	0	3
750	65	0	0.986842105	1150.38489	1154.14861	1150.34077	1160.86529	10.5245178	0	0	0	1150.38	0	0	3
755	66	0	0.993421053	1150.28999	1153.9459	1150.28999	1160.86529	10.5752934	0	0	0	1150.29	0	0	3
760	66	0	1	1150.33659	1153.81335	1150.28999	1160.86529	10.5752934	13.5879537	0	100	1150.34	0	0	3
765	66	0	1.00657895	1150.29325	1153.67553	1150.28999	1160.86529	10.5752934	13.5879537	0	100	1150.29	0	0	3
770	67	0	1.01315789	1150.20428	1153.63045	1150.20428	1160.86529	10.6610032	13.5879537	0	100	1150.2	0	0	3
775	67	0	1.01973684	1150.26533	1153.49279	1150.20428	1160.56403	10.3597429	13.5879537	0	100	1150.27	0	0	3
780	68	0	1.02631579	1150.24977	1153.27051	1150.20428	1159.55679	9.35250911	13.5879537	0	100	1150.25	0	0	3
785	78	0	1.03289474	1150.1388	1153.14659	1150.1388	1159.36391	8.40199476	13.5879537	0	100	1150.14	0	0	3
790	79	0	1.03947368	1150.24	1153.02654	1150.1388	1158.96441	7.47604975	13.5879537	0	100	1150.24	0	0	3
795	79	0	1.04605263	1150.22619	1152.91156	1150.1388	1158.5374	6.73827929	13.5879537	0	100	1150.23	0	0	3
800	80	0	1.05263158	1150.22043	1152.87661	1150.1388	1158.5374	6.73827929	13.5879537	0	100	1150.22	0	0	3
805	80	0	1.05921053	1150.16305	1152.76785	1150.1388	1158.19699	6.16042472	13.5879537	0	100	1150.16	0	0	3
810	81	0	1.06578947	1150.13692	1152.59598	1150.13692	1157.28908	5.62215812	13.5879537	0	100	1150.14	0	0	3
815	81	0	1.07236842	1150.04454	1152.50066	1150.04454	1157.17271	4.96143839	13.5879537	0	100	1150.04	0	0	3
