Iteration	CPUTime	PhysTime	Travels	Value	AvValue	MinValue	MaxValue	Delta	Criteria	PrevAvRefValue	Progress	CriteriaType	CriteriaVarType	CriteriaPercentage
1	3	0	0.0129612195	201627.963	201627.963	201627.963	201627.963	0	0	0	0	0	0	3
2	4	0	0.0259224391	90238.2093	145933.086	90238.2093	201627.963	55694.8767	0	0	0	0	0	3
3	4	0	0.0388836586	27905.5603	106590.577	27905.5603	201627.963	95037.3852	0	0	0	0	0	3
4	5	0	0.0518448782	35524.0249	88823.9393	27905.5603	201627.963	112804.023	0	0	0	0	0	3
5	5	0	0.0648060977	26630.6349	76385.2784	26630.6349	201627.963	125242.684	0	0	0	0	0	3
6	6	0	0.0777673173	22592.3618	67419.7923	22592.3618	201627.963	134208.17	0	0	0	0	0	3
7	6	0	0.0907285368	25365.6232	61412.0539	22592.3618	201627.963	140215.909	0	0	0	0	0	3
8	7	0	0.103689756	24340.9018	56778.1599	22592.3618	201627.963	144849.803	0	0	0	0	0	3
9	8	0	0.116650976	25668.0612	53321.4822	22592.3618	201627.963	148306.48	0	0	0	0	0	3
10	8	0	0.129612195	24208.5613	50410.1901	22592.3618	201627.963	151217.772	0	0	0	0	0	3
11	9	0	0.142573415	25254.4322	48123.3031	22592.3618	201627.963	153504.66	0	0	0	0	0	3
12	10	0	0.155534635	24507.8327	46155.3472	22592.3618	201627.963	155472.615	0	0	0	0	0	3
13	11	0	0.168495854	24949.1129	44524.0984	22592.3618	201627.963	157103.864	0	0	0	0	0	3
14	11	0	0.181457074	23554.7386	43026.287	22592.3618	201627.963	158601.676	0	0	0	0	0	3
15	12	0	0.194418293	24066.3694	41762.2925	22592.3618	201627.963	159865.67	0	0	0	0	0	3
16	13	0	0.207379513	23809.6896	40640.2548	22592.3618	201627.963	160987.708	0	0	0	0	0	3
17	14	0	0.220340732	24214.2084	39674.0168	22592.3618	201627.963	161953.946	0	0	0	0	0	3
18	14	0	0.233301952	24398.0188	38825.3502	22592.3618	201627.963	162802.612	0	0	0	0	0	3
19	15	0	0.246263171	24829.3693	38088.7197	22592.3618	201627.963	163539.243	0	0	0	0	0	3
20	16	0	0.259224391	24873.2328	37427.9453	22592.3618	201627.963	164200.017	0	0	0	0	0	3
21	16	0	0.27218561	25037.4296	36837.9208	22592.3618	201627.963	164790.042	0	0	0	0	0	3
22	17	0	0.28514683	25069.1908	36302.9785	22592.3618	201627.963	165324.984	0	0	0	0	0	3
23	17	0	0.298108049	25081.2678	35815.078	22592.3618	201627.963	165812.885	0	0	0	0	0	3
24	18	0	0.311069269	24913.6386	35360.8514	22592.3618	201627.963	166267.111	0	0	0	0	0	3
25	19	0	0.324030489	24950.5702	34944.4401	22592.3618	201627.963	166683.523	0	0	0	0	0	3
26	19	0	0.336991708	24817.1929	34554.9306	22592.3618	201627.963	167073.032	0	0	0	0	0	3
27	20	0	0.349952928	24624.4991	34187.1369	22592.3618	201627.963	167440.826	0	0	0	0	0	3
28	21	0	0.362914147	24403.9431	33837.7371	22592.3618	201627.963	167790.226	0	0	0	0	0	3
29	21	0	0.375875367	24427.7581	33513.255	22592.3618	201627.963	168114.708	0	0	0	0	0	3
30	22	0	0.388836586	24376.3257	33208.6907	22592.3618	201627.963	168419.272	0	0	0	0	0	3
31	23	0	0.401797806	24289.67	32920.9804	22592.3618	201627.963	168706.982	0	0	0	0	0	3
32	24	0	0.414759025	24343.4957	32652.934	22592.3618	201627.963	168975.029	0	0	0	0	0	3
33	25	0	0.427720245	24374.3348	32402.0674	22592.3618	201627.963	169225.895	0	0	0	0	0	3
34	25	0	0.440681464	24344.874	32165.0911	22592.3618	201627.963	169462.872	0	0	0	0	0	3
35	26	0	0.453642684	24351.6316	31941.8494	22592.3618	201627.963	169686.113	0	0	0	0	0	3
36	27	0	0.466603904	24441.9531	31733.5189	22592.3618	201627.963	169894.444	0	0	0	0	0	3
37	27	0	0.479565123	24503.7708	31538.1203	22592.3618	201627.963	170089.842	0	0	0	0	0	3
38	28	0	0.492526343	24494.3674	31352.7584	22592.3618	201627.963	170275.204	0	0	0	0	0	3
39	28	0	0.505487562	24488.2721	31176.7459	22592.3618	201627.963	170451.217	0	0	0	0	0	3
40	29	0	0.518448782	24452.0042	26633.7726	22592.3618	90238.2093	67645.8475	0	0	0	0	0	3
41	30	0	0.531410001	24453.2388	24946.9785	22592.3618	35524.0249	12931.6632	0	0	0	0	0	3
42	30	0	0.544371221	24428.5277	24857.8238	22592.3618	35524.0249	12931.6632	0	0	0	0	0	3
43	31	0	0.55733244	24400.4418	24572.6038	22592.3618	26630.6349	4038.27313	0	0	0	0	0	3
44	32	0	0.57029366	24361.8193	24514.429	22592.3618	25668.0612	3075.69942	0	0	0	0	0	3
45	32	0	0.583254879	24343.7487	24559.3364	23554.7386	25668.0612	2113.32257	0	0	0	0	0	3
46	33	0	0.596216099	24324.4933	24532.6407	23554.7386	25668.0612	2113.32257	0	0	0	0	0	3
47	34	0	0.609177318	24325.1069	24532.2357	23554.7386	25668.0612	2113.32257	0	0	0	0	0	3
48	34	0	0.622138538	24324.3144	24497.7807	23554.7386	25254.4322	1699.69357	0	0	0	0	0	3
49	35	0	0.635099758	24331.6109	24500.9358	23554.7386	25254.4322	1699.69357	0	0	0	0	0	3
50	36	0	0.648060977	24330.905	24477.2556	23554.7386	25081.2678	1526.52919	0	0	0	0	0	3
51	36	0	0.661022197	24331.2084	24472.7268	23554.7386	25081.2678	1526.52919	0	0	0	0	0	3
52	37	0	0.673983416	24327.3032	24456.7829	23554.7386	25081.2678	1526.52919	0	0	0	0	0	3
53	38	0	0.686944636	24333.0699	24476.7402	23809.6896	25081.2678	1271.57818	0	0	0	0	0	3
54	38	0	0.699905855	24331.6064	24483.5411	23809.6896	25081.2678	1271.57818	0	0	0	0	0	3
55	39	0	0.712867075	24327.8172	24496.8264	24214.2084	25081.2678	867.05941	0	0	0	0	0	3
56	40	0	0.725828294	24315.1112	24499.4137	24289.67	25081.2678	791.597838	0	0	0	0	0	3
57	40	0	0.738789514	24300.1376	24496.9039	24289.67	25081.2678	791.597838	0	0	0	0	0	3
58	41	0	0.751750733	24280.2064	24482.8228	24280.2064	25081.2678	801.061405	0	0	0	0	0	3
59	41	0	0.764711953	24262.3869	24467.1601	24262.3869	25081.2678	818.880926	0	0	0	0	0	3
60	42	0	0.777673173	24255.8629	24447.1199	24255.8629	25081.2678	825.404956	0	0	0	0	0	3
61	43	0	0.790634392	24257.5401	24426.3084	24255.8629	25081.2678	825.404956	0	0	0	0	0	3
62	43	0	0.803595612	24254.2629	24405.1031	24254.2629	24950.5702	696.307368	0	0	0	0	0	3
63	44	0	0.816556831	24253.118	24388.1667	24253.118	24950.5702	697.452229	0	0	0	0	0	3
64	45	0	0.829518051	24249.2242	24370.1834	24249.2242	24817.1929	567.968705	0	0	0	0	0	3
65	45	0	0.84247927	24250.2498	24355.6464	24249.2242	24624.4991	375.274865	0	0	0	0	0	3
66	46	0	0.85544049	24249.2427	24346.0245	24249.2242	24503.7708	254.546591	0	0	0	0	0	3
67	47	0	0.868401709	24250.4805	24342.0895	24249.2242	24503.7708	254.546591	0	0	0	0	0	3
68	47	0	0.881362929	24248.7679	24337.5001	24248.7679	24503.7708	255.002902	0	0	0	0	0	3
69	48	0	0.894324148	24249.9734	24334.2603	24248.7679	24503.7708	255.002902	0	0	0	0	0	3
70	49	0	0.907285368	24248.6321	24333.208	24248.6321	24503.7708	255.138691	0	0	0	0	0	3
71	49	0	0.920246587	24250.5222	24330.8241	24248.6321	24503.7708	255.138691	0	0	0	0	0	3
72	50	0	0.933207807	24250.0877	24327.6382	24248.6321	24503.7708	255.138691	0	0	0	0	0	3
73	51	0	0.946169027	24251.9988	24325.2568	24248.6321	24503.7708	255.138691	0	0	0	0	0	3
74	51	0	0.959130246	24252.5851	24322.7172	24248.6321	24503.7708	255.138691	0	0	0	0	0	3
75	52	0	0.972091466	24255.3413	24317.9323	24248.6321	24503.7708	255.138691	0	0	0	0	0	3
76	52	0	0.985052685	24257.1809	24311.6094	24248.6321	24494.3674	245.735339	0	0	0	0	0	3
77	53	0	0.998013905	24257.7888	24305.5433	24248.6321	24488.2721	239.639964	0	0	0	0	0	3
78	54	0	1.01097512	24257.2233	24299.619	24248.6321	24453.2388	204.606665	387.949895	0	100	0	0	3
